20210901T,44.83,0.12,0.00,0,55.05
20211201T,44.83,0.46,0.00,0,54.71
20220301T,44.83,1.07,0.00,0,54.10
20220601T,44.83,0.70,0.00,0,54.47
20220901T,44.83,1.02,0.13,0,54.03
20221201T,44.83,0.73,0.13,0,54.31
20230301T,44.83,0.93,0.00,0,54.23
20230601T,44.83,0.72,0.00,0,54.45
20230901T,44.95,0.72,0.00,0,54.33
20231201T,44.95,0.72,0.00,0,54.33
20240301T,44.95,0.73,0.00,0,54.32
20240601T,44.95,0.78,0.06,0,54.21
