20211201T,23.15,22.69,3.15,0,51.01
20220301T,23.14,22.13,3.57,0,51.17
20220601T,23.21,22.36,3.17,0,51.27
20220901T,23.19,23.01,3.05,0,50.74
20221201T,22.03,61.16,2.18,0,14.63
20230301T,22.02,64.83,2.22,0,10.94
20230601T,21.46,63.93,3.79,0,10.82
20230901T,20.84,61.87,6.36,0,10.92
20231201T,17.78,62.48,8.87,0,10.86
20240301T,17.76,63.22,8.34,0,10.70
20240601T,15.79,64.56,8.72,0,10.92
20240901T,15.71,65.58,8.46,0,10.23
