20210901T,0,0.18,14.32,0,85.50
20211201T,0,0.51,11.73,0,87.76
20220301T,0,0.25,10.95,0,88.80
20220601T,0,0.22,10.80,0,88.98
20220901T,0,0.54,10.80,0,88.67
20221201T,0,0.59,10.80,0,88.61
20230301T,0,0.68,10.80,0,88.53
20230601T,0,0.70,10.80,0,88.51
20230901T,0,0.61,10.38,0,89.02
20231201T,0,0.73,10.17,0,89.10
20240301T,0,0.94,10.15,0,88.91
20240601T,0,1.00,8.75,0,90.25
