20210901T,75.00,3.78,7.62,0,13.60
20211201T,75.00,4.38,7.01,0,13.61
20220301T,75.00,4.25,6.54,0,14.21
20220601T,75.00,4.13,6.37,0,14.50
20220901T,75.00,4.26,6.90,0,13.83
20221201T,75.00,4.40,6.90,0,13.70
20230301T,75.00,3.72,7.93,0,13.35
20230601T,75.00,3.64,8.34,0,13.02
20230901T,75.00,3.56,8.45,0,12.98
20231201T,75.00,3.56,8.52,0,12.92
20240301T,75.00,3.64,8.44,0,12.92
20240601T,75.00,3.77,8.27,0,12.95
