20210901T,45.63,4.93,0.12,0,49.32
20211201T,45.63,5.12,0.12,0,49.13
20220301T,45.63,5.40,0.12,0,48.85
20220601T,45.63,5.60,0.12,0,48.65
20220901T,45.63,5.61,0.12,0,48.64
20221201T,45.63,5.21,0.12,0,49.04
20230301T,45.63,3.71,0.12,0,50.55
20230601T,45.63,5.16,0.12,0,49.07
20230901T,45.63,8.02,0.12,0,46.23
20231201T,45.63,6.49,0.12,0,47.75
20240301T,45.63,4.35,0.12,0,49.89
20240601T,45.63,4.12,0.09,0,50.15
