20210901T,28.14,1.19,0.00,0,70.67
20211201T,28.14,0.89,0.00,0,70.97
20220301T,28.14,0.89,0.00,0,70.97
20220601T,28.14,1.06,0.00,0,70.80
20220901T,28.15,0.96,0.00,0,70.90
20221201T,28.15,0.84,0.00,0,71.02
20230301T,28.15,1.61,0.00,0,70.24
20230601T,28.15,1.61,0.00,0,70.25
20230901T,28.15,1.61,0.00,0,70.23
20231201T,28.15,1.61,0.00,0,70.24
20240301T,28.15,1.61,0.00,0,70.25
20240601T,28.15,1.64,0.01,0,70.20
