20210901T,47.28,1.55,0.30,0,50.87
20211201T,45.04,1.00,0.30,0,53.66
20220301T,45.04,0.62,0.30,0,54.03
20220601T,45.04,0.65,0.30,0,54.00
20220901T,45.04,0.64,0.30,0,54.01
20221201T,45.04,0.59,0.30,0,54.05
20230301T,49.81,0.06,0.16,0,49.95
20230601T,49.81,0.04,0.00,0,50.14
20230901T,49.81,0.04,0.00,0,50.14
20231201T,49.81,0.04,0.01,0,50.14
20240301T,49.81,0.09,0.00,0,50.10
20240601T,49.81,0.04,0.00,0,50.14
