20211201T,39.21,40.05,9.99,0,10.75
20220301T,39.20,39.91,9.89,0,11.00
20220601T,39.19,39.03,10.21,0,11.57
20220901T,39.16,37.67,11.01,0,12.16
20221201T,39.15,37.91,10.91,0,12.03
20230301T,39.14,38.83,12.49,0,9.53
20230601T,39.13,35.01,14.34,0,11.51
20230901T,39.11,35.49,14.13,0,11.24
20231201T,39.10,32.32,15.29,0,13.29
20240301T,26.47,34.80,23.99,0,14.76
20240601T,26.47,35.88,24.39,0,13.26
20240901T,26.47,35.50,25.56,0,12.47
