20210901T,75.00,3.49,6.96,0,14.55
20211201T,75.00,3.76,8.03,0,13.21
20220301T,75.00,3.68,8.22,0,13.10
20220601T,75.00,3.53,8.59,0,12.88
20220901T,75.00,5.39,11.89,0,7.69
20221201T,75.00,7.55,9.73,0,7.71
20230301T,75.00,8.45,8.98,0,7.56
20230601T,75.00,9.46,8.07,0,7.48
20230901T,75.00,10.18,7.37,0,7.47
20231201T,75.00,10.72,6.92,0,7.36
20240301T,75.00,11.89,5.95,0,7.15
20240601T,75.00,12.06,5.64,0,7.29
