20210901T,74.99,0.24,6.88,0,17.89
20211201T,74.99,0.22,6.76,0,18.04
20220301T,74.99,0.22,7.52,0,17.27
20220601T,74.99,0.20,7.95,0,16.86
20220901T,74.99,0.20,7.85,0,16.95
20221201T,74.99,0.20,8.38,0,16.42
20230301T,74.99,0.19,8.61,0,16.20
20230601T,74.99,0.19,8.77,0,16.05
20230901T,74.99,0.19,8.83,0,16.01
20231201T,74.99,0.18,8.73,0,16.09
20240301T,74.99,0.18,8.91,0,15.92
20240601T,74.99,0.18,8.81,0,16.01
