20210901T,86.50,1.85,4.54,0,7.11
20211201T,86.50,1.54,4.95,0,7.01
20220301T,86.50,1.21,5.36,0,6.93
20220601T,86.50,2.12,4.38,0,7.00
20220901T,86.50,2.34,4.20,0,6.95
20221201T,86.50,2.01,4.66,0,6.83
20230301T,86.50,1.61,4.84,0,7.05
20230601T,86.49,1.68,4.69,0,7.15
20230901T,86.48,1.68,4.72,0,7.10
20231201T,86.48,1.74,5.21,0,6.57
20240301T,75.32,4.37,12.08,0,8.24
20240601T,75.00,4.62,11.59,0,8.78
