20211201T,74.66,0.60,2.29,0,22.46
20220301T,74.66,0.52,2.08,0,22.74
20220601T,74.66,0.55,1.19,0,23.61
20220901T,74.66,0.59,1.47,0,23.27
20221201T,74.66,0.20,1.27,0,23.86
20230301T,74.66,0.30,0.96,0,24.07
20230601T,74.66,0.21,0.35,0,24.77
20230901T,74.66,0.26,0.38,0,24.70
20231201T,74.66,0.27,0.44,0,24.62
20240301T,74.66,0.39,0.65,0,24.31
20240601T,74.66,0.28,0.65,0,24.41
20240901T,74.66,0.22,0.66,0,24.46
