20210901T,63.40,0.00,12.30,0,24.29
20211201T,63.40,0.00,11.80,0,24.80
20220301T,63.40,0.00,11.25,0,25.35
20220601T,63.69,0.00,11.25,0,25.07
20220901T,63.69,9.80,1.37,0,25.15
20221201T,63.69,15.32,1.37,0,19.62
20230301T,63.69,20.37,1.32,0,14.63
20230601T,63.69,9.30,1.32,0,25.70
20230901T,63.69,5.54,1.32,0,29.46
20231201T,63.69,0.00,0.00,0,36.31
20240301T,63.69,0.03,0.00,0,36.29
20240601T,63.69,0.00,0.00,0,36.31
