20211201T,74.92,20.80,2.92,0,1.36
20220301T,74.92,20.57,3.21,0,1.30
20220601T,73.87,20.01,3.43,0,2.70
20220901T,73.87,19.93,3.59,0,2.61
20221201T,74.19,19.32,3.78,0,2.72
20230301T,71.64,21.04,3.80,0,3.51
20230601T,68.27,19.65,3.82,0,8.26
20230901T,73.22,17.74,3.87,0,5.17
20231201T,73.22,17.49,3.82,0,5.46
20240301T,73.22,17.49,3.80,0,5.49
20240601T,74.95,15.53,3.97,0,5.54
20240901T,69.94,18.66,5.38,0,6.02
