20211201T,74.92,17.25,4.96,0,2.87
20220301T,74.92,16.62,5.69,0,2.77
20220601T,72.28,15.83,5.68,0,6.22
20220901T,72.62,15.59,5.33,0,6.46
20221201T,72.62,15.39,5.45,0,6.53
20230301T,69.23,17.75,5.15,0,7.87
20230601T,67.65,19.34,5.46,0,7.54
20230901T,72.61,14.52,5.65,0,7.23
20231201T,72.61,14.65,5.44,0,7.30
20240301T,72.61,14.41,5.77,0,7.22
20240601T,74.72,11.73,6.02,0,7.53
20240901T,74.89,11.30,6.45,0,7.35
