20211201T,74.97,11.03,5.53,0,8.46
20220301T,74.97,11.31,5.56,0,8.15
20220601T,74.97,12.56,5.00,0,7.47
20220901T,74.97,13.23,0.00,0,11.80
20221201T,74.97,12.88,0.00,0,12.15
20230301T,74.97,11.70,0.01,0,13.32
20230601T,74.97,11.95,0.04,0,13.04
20230901T,70.02,17.51,0.76,0,11.72
20231201T,71.75,15.86,1.18,0,11.20
20240301T,71.75,15.91,1.41,0,10.93
20240601T,72.71,14.73,1.42,0,11.14
20240901T,74.96,12.66,1.52,0,10.84
