20210901T,31.42,10.04,1.66,0,56.88
20211201T,31.42,10.06,1.67,0,56.85
20220301T,33.58,9.66,1.59,0,55.17
20220601T,36.59,9.31,6.03,0,48.07
20220901T,36.60,9.37,7.03,0,47.00
20221201T,36.60,9.44,7.67,0,46.30
20230301T,36.50,9.38,7.88,0,46.24
20230601T,36.50,9.46,7.91,0,46.12
20230901T,36.29,9.57,7.91,0,46.24
20231201T,36.28,9.57,8.01,0,46.15
20240301T,36.42,9.55,8.64,0,45.39
20240601T,36.33,9.51,8.65,0,45.50
