20210901T,56.90,0.20,6.59,0,36.30
20211201T,56.90,0.32,6.67,0,36.11
20220301T,56.90,0.22,6.72,0,36.16
20220601T,56.90,0.20,6.70,0,36.19
20220901T,56.90,0.31,4.80,0,37.99
20221201T,56.90,0.23,4.44,0,38.42
20230301T,56.90,0.32,2.99,0,39.78
20230601T,56.90,0.22,2.79,0,40.08
20230901T,56.90,0.13,4.02,0,38.96
20231201T,56.90,0.30,4.43,0,38.38
20240301T,56.90,0.10,5.74,0,37.25
20240601T,56.94,0.06,10.21,0,32.78
