20210901T,49.98,0.00,0.00,0,50.01
20211201T,53.21,0.50,0.00,0,46.29
20220301T,53.21,0.34,0.00,0,46.45
20220601T,53.21,0.20,0.00,0,46.59
20220901T,52.95,0.54,0.00,0,46.50
20221201T,52.82,0.60,0.00,0,46.57
20230301T,52.63,0.42,0.00,0,46.94
20230601T,52.57,0.13,0.00,0,47.30
20230901T,52.39,0.00,0.00,0,47.61
20231201T,52.26,1.08,0.01,0,46.67
20240301T,52.19,1.01,0.00,0,46.80
20240601T,52.09,1.81,0.00,0,46.10
