20210901T,52.55,16.27,8.66,0,22.52
20211201T,52.71,16.39,8.99,0,21.91
20220301T,52.70,18.01,6.90,0,22.38
20220601T,52.70,18.72,6.26,0,22.32
20220901T,49.88,21.68,5.60,0,22.86
20221201T,49.88,21.74,5.64,0,22.76
20230301T,49.88,21.86,5.73,0,22.54
20230601T,46.52,21.89,7.58,0,24.02
20230901T,45.92,22.27,6.49,0,25.34
20231201T,43.62,22.54,6.98,0,26.88
20240301T,43.50,23.01,7.56,0,25.95
20240601T,43.02,12.03,8.08,0,36.87
