20210901T,58.07,16.12,1.10,0,24.71
20211201T,58.07,15.52,0.94,0,25.47
20220301T,58.07,15.03,2.18,0,24.72
20220601T,58.07,15.11,2.36,0,24.46
20220901T,58.07,15.46,3.39,0,23.06
20221201T,58.07,16.40,3.77,0,21.76
20230301T,58.07,18.04,3.57,0,20.31
20230601T,58.07,18.34,3.70,0,19.88
20230901T,58.10,18.87,4.53,0,18.50
20231201T,58.10,17.97,5.08,0,18.83
20240301T,58.10,18.17,4.92,0,18.80
20240601T,58.10,17.65,6.71,0,17.55
