20210901T,60.11,0.25,0.00,0,39.64
20211201T,58.57,4.26,0.00,0,37.17
20220301T,58.57,4.00,0.00,0,37.43
20220601T,62.15,3.57,0.00,0,34.28
20220901T,59.18,3.53,0.00,0,37.29
20221201T,57.20,6.69,0.00,0,36.12
20230301T,57.20,6.36,0.00,0,36.44
20230601T,57.20,6.34,0.07,0,36.40
20230901T,57.20,6.24,0.08,0,36.49
20231201T,57.20,6.24,0.14,0,36.43
20240301T,57.20,6.32,0.17,0,36.32
20240601T,57.20,5.97,0.48,0,36.35
