20210901T,50.36,0.00,8.11,0,41.53
20211201T,50.36,0.00,8.11,0,41.54
20220301T,50.36,0.00,8.11,0,41.53
20220601T,50.38,0.00,8.11,0,41.53
20220901T,50.52,7.10,1.01,0,41.38
20221201T,50.50,7.10,1.01,0,41.40
20230301T,50.50,7.10,1.01,0,41.40
20230601T,50.50,6.20,0.85,0,42.45
20230901T,50.50,6.20,0.85,0,42.45
20231201T,50.50,0.02,0.00,0,49.48
20240301T,50.50,0.00,0.00,0,49.50
20240601T,49.30,0.02,0.07,0,50.61
