20210901T,58.47,19.13,19.46,0,2.64
20211201T,58.47,18.79,19.88,0,2.55
20220301T,58.47,18.08,20.44,0,2.71
20220601T,58.47,18.13,20.37,0,2.72
20220901T,58.47,18.02,20.43,0,2.77
20221201T,58.47,17.78,20.72,0,2.73
20230301T,58.47,18.04,20.69,0,2.49
20230601T,58.47,18.05,20.93,0,2.56
20230901T,58.47,18.50,20.29,0,2.74
20231201T,58.47,18.29,20.46,0,2.78
20240301T,58.47,18.16,20.53,0,2.82
20240601T,58.47,17.68,20.94,0,2.91
