20210901T,74.95,0,0,0,25.05
20211201T,74.95,0,0,0,25.04
20220301T,74.37,0,0,0,25.62
20220601T,74.37,0,0,0,25.63
20220901T,72.42,0,0,0,27.58
20221201T,72.42,0,0,0,27.58
20230301T,72.41,0,0,0,27.58
20230601T,72.41,0,0,0,27.58
20230901T,72.38,0,0,0,27.62
20231201T,72.37,0,0,0,27.62
20240301T,72.37,0,0,0,27.63
20240601T,72.37,0,0,0,27.62
