20210901T,52.23,0,0,0,47.78
20211201T,52.25,0,0,0,47.75
20220301T,52.25,0,0,0,47.75
20220601T,52.45,0,0,0,47.55
20220901T,52.48,0,0,0,47.51
20221201T,52.48,0,0,0,47.52
20230301T,52.49,0,0,0,47.51
20230601T,52.73,0,0,0,47.27
20230901T,53.01,0,0,0,46.99
20231201T,53.01,0,0,0,46.99
20240301T,53.02,0,0,0,46.98
20240601T,53.02,0,0,0,46.98
