20211201T,70.34,8.95,12.14,0,8.12
20220301T,70.48,8.64,12.29,0,8.14
20220601T,70.48,8.30,12.46,0,8.31
20220901T,70.48,8.23,12.68,0,8.15
20221201T,66.11,10.07,15.37,0,8.00
20230301T,66.11,10.00,15.52,0,7.91
20230601T,66.22,10.19,15.36,0,7.78
20230901T,66.22,9.99,15.60,0,8.21
20231201T,66.22,9.11,16.67,0,8.00
20240301T,66.22,8.54,17.48,0,7.76
20240601T,66.27,8.36,17.41,0,7.94
20240901T,66.26,9.11,17.10,0,7.52
