20210901T,69.73,0.05,0.00,0,30.22
20211201T,69.73,0.02,0.00,0,30.24
20220301T,69.73,0.02,0.00,0,30.24
20220601T,69.73,0.02,0.00,0,30.24
20220901T,69.74,0.02,0.00,0,30.23
20221201T,69.74,0.03,0.00,0,30.23
20230301T,69.74,0.02,0.59,0,29.65
20230601T,69.74,0.02,0.82,0,29.43
20230901T,69.74,0.04,1.59,0,28.64
20231201T,69.74,0.02,1.77,0,28.47
20240301T,74.20,0.29,2.11,0,23.41
20240601T,74.20,0.19,2.11,0,23.51
