20211201T,52.62,0.00,4.26,0,43.12
20220301T,52.62,0.00,4.26,0,43.12
20220601T,52.62,0.00,0.00,0,47.38
20220901T,32.41,0.24,0.00,0,67.36
20221201T,36.39,0.01,0.00,0,63.60
20230301T,36.39,0.01,0.00,0,63.59
20230601T,30.28,0.00,0.00,0,69.72
20230901T,27.46,0.00,0.00,0,72.53
20231201T,26.44,0.00,0.00,0,73.56
20240301T,26.44,0.00,0.00,0,73.56
20240601T,26.89,0.00,0.00,0,73.11
20240901T,26.89,0.29,0.00,0,72.82
