20211201T,61.40,1.43,0.06,0,37.11
20220301T,62.70,1.55,0.05,0,35.70
20220601T,62.70,1.45,0.05,0,35.80
20220901T,62.70,1.44,0.06,0,35.81
20221201T,62.70,0.72,0.06,0,36.52
20230301T,62.70,0.68,0.06,0,36.56
20230601T,62.70,0.68,0.06,0,36.56
20230901T,62.70,0.68,0.06,0,36.56
20231201T,62.70,0.68,0.06,0,36.57
20240301T,62.70,0.43,0.06,0,36.82
20240601T,62.70,0.39,0.06,0,36.87
20240901T,62.70,0.07,0.06,0,37.17
