20210901T,47.07,0.00,0,0,52.93
20211201T,49.19,0.00,0,0,50.81
20220301T,50.49,0.00,0,0,49.51
20220601T,50.59,0.00,0,0,49.40
20220901T,50.61,0.05,0,0,49.33
20221201T,43.74,0.06,0,0,56.19
20230301T,43.74,0.00,0,0,56.25
20230601T,43.74,0.00,0,0,56.25
20230901T,43.75,0.00,0,0,56.26
20231201T,37.57,0.01,0,0,62.41
20240301T,12.04,0.01,0,0,87.96
20240601T,11.62,0.00,0,0,88.38
