20210901T,63.77,0.60,0.02,0,35.62
20211201T,54.86,0.82,0.02,0,44.30
20220301T,54.86,0.36,0.02,0,44.76
20220601T,54.86,0.04,0.02,0,45.08
20220901T,54.86,0.02,0.02,0,45.11
20221201T,54.86,0.00,0.02,0,45.12
20230301T,52.03,0.00,0.01,0,47.95
20230601T,52.03,0.00,0.01,0,47.96
20230901T,52.03,0.07,0.01,0,47.89
20231201T,52.03,0.86,0.01,0,47.11
20240301T,54.14,0.37,0.01,0,45.49
20240601T,54.14,0.60,0.01,0,45.24
