20210901T,58.84,5.33,13.99,0,21.84
20211201T,57.13,5.40,13.94,0,23.53
20220301T,57.13,5.41,14.14,0,23.32
20220601T,57.14,5.67,14.10,0,23.09
20220901T,57.16,4.46,15.73,0,22.65
20221201T,57.16,4.41,16.44,0,21.99
20230301T,57.16,4.44,16.69,0,21.69
20230601T,57.16,5.63,16.34,0,20.85
20230901T,56.74,6.03,17.63,0,19.58
20231201T,56.74,8.49,15.91,0,18.86
20240301T,56.74,9.11,15.63,0,18.51
20240601T,56.38,8.69,18.56,0,16.37
