20210901T,69.95,9.15,1.36,0,19.54
20211201T,69.92,10.10,1.54,0,18.44
20220301T,69.92,9.55,1.82,0,18.71
20220601T,69.92,9.33,2.01,0,18.74
20220901T,69.91,9.22,2.13,0,18.74
20221201T,69.91,10.12,2.20,0,17.75
20230301T,69.91,10.88,2.19,0,17.02
20230601T,69.91,10.82,2.66,0,16.60
20230901T,69.91,10.87,2.97,0,16.24
20231201T,69.91,10.95,2.91,0,16.22
20240301T,69.91,10.79,2.83,0,16.44
20240601T,63.65,10.77,2.84,0,22.73
