20210901T,73.39,0.02,0.00,0,26.60
20211201T,73.39,0.04,0.63,0,25.94
20220301T,73.39,0.02,0.00,0,26.60
20220601T,73.39,0.00,0.00,0,26.61
20220901T,73.39,0.03,0.00,0,26.59
20221201T,73.39,0.03,0.20,0,26.40
20230301T,73.39,0.00,0.11,0,26.49
20230601T,73.39,0.00,0.80,0,25.81
20230901T,73.39,0.06,1.02,0,25.55
20231201T,73.39,0.09,1.12,0,25.40
20240301T,73.39,0.11,1.25,0,25.25
20240601T,73.39,0.56,1.25,0,24.80
