20210901T,58.31,0.56,0,0,41.14
20211201T,58.45,1.10,0,0,40.45
20220301T,58.49,1.10,0,0,40.41
20220601T,59.55,1.11,0,0,39.34
20220901T,59.81,13.05,0,0,27.14
20221201T,59.99,13.05,0,0,26.96
20230301T,60.11,12.85,0,0,27.04
20230601T,59.66,12.70,0,0,27.63
20230901T,58.19,2.26,0,0,39.54
20231201T,58.19,2.54,0,0,39.26
20240301T,58.19,1.59,0,0,40.19
20240601T,56.36,1.99,0,0,41.66
