20210901T,75.00,1.39,0.73,0,22.88
20211201T,75.00,1.45,0.74,0,22.81
20220301T,75.00,1.70,0.74,0,22.56
20220601T,75.00,1.98,0.74,0,22.28
20220901T,75.00,1.98,0.63,0,22.37
20221201T,75.00,2.02,0.43,0,22.56
20230301T,75.00,2.07,0.35,0,22.57
20230601T,75.00,2.16,0.32,0,22.51
20230901T,75.00,2.15,0.34,0,22.51
20231201T,75.00,2.24,0.37,0,22.39
20240301T,75.00,2.34,0.37,0,22.29
20240601T,75.00,2.46,0.38,0,22.16
