20211201T,56.66,0.09,0.00,0,43.20
20220301T,57.29,0.56,0.00,0,42.15
20220601T,57.29,0.21,0.00,0,42.50
20220901T,57.29,0.14,0.00,0,42.56
20221201T,57.29,0.00,0.00,0,42.70
20230301T,57.29,0.00,0.01,0,42.70
20230601T,57.29,0.00,0.01,0,42.70
20230901T,57.29,0.11,0.00,0,42.59
20231201T,57.29,0.95,0.00,0,41.74
20240301T,57.29,0.50,0.00,0,42.21
20240601T,57.29,0.36,0.00,0,42.35
20240901T,57.29,0.74,0.00,0,41.96
