20210901T,46.09,1.25,0.07,0,52.59
20211201T,46.09,1.77,0.05,0,52.09
20220301T,46.09,1.90,0.05,0,51.96
20220601T,46.09,1.89,0.06,0,51.96
20220901T,46.09,2.09,0.05,0,51.75
20221201T,46.09,1.90,0.05,0,51.96
20230301T,46.09,1.89,0.05,0,51.98
20230601T,46.09,1.89,0.05,0,51.98
20230901T,46.09,1.89,0.05,0,51.96
20231201T,46.09,1.89,0.03,0,51.99
20240301T,46.09,1.86,0.03,0,52.01
20240601T,46.08,1.97,0.03,0,51.93
