20210901T,50.17,1.12,0.02,0,48.69
20211201T,50.17,2.30,0.02,0,47.51
20220301T,50.17,3.42,0.13,0,46.27
20220601T,50.17,3.99,0.08,0,45.76
20220901T,50.17,3.89,0.02,0,45.92
20221201T,50.17,3.45,0.02,0,46.36
20230301T,50.17,3.06,0.09,0,46.68
20230601T,50.17,2.67,0.11,0,47.06
20230901T,50.17,0.88,0.14,0,48.81
20231201T,50.17,0.46,0.13,0,49.23
20240301T,50.17,0.35,0.01,0,49.47
20240601T,50.17,0.45,0.01,0,49.37
