20210901T,48.35,0.01,0,0,51.65
20211201T,48.35,0.00,0,0,51.65
20220301T,48.35,0.15,0,0,51.50
20220601T,48.35,0.00,0,0,51.65
20220901T,48.35,0.00,0,0,51.65
20221201T,48.35,0.00,0,0,51.64
20230301T,48.35,0.00,0,0,51.66
20230601T,48.35,0.00,0,0,51.65
20230901T,45.44,0.00,0,0,54.56
20231201T,44.86,0.00,0,0,55.14
20240301T,43.69,0.03,0,0,56.29
20240601T,43.41,0.00,0,0,56.59
