20210901T,66.64,0.00,0,0,33.36
20211201T,66.64,0.00,0,0,33.36
20220301T,66.64,0.33,0,0,33.02
20220601T,66.64,0.05,0,0,33.31
20220901T,66.64,0.10,0,0,33.25
20221201T,66.64,0.00,0,0,33.35
20230301T,66.77,0.00,0,0,33.21
20230601T,66.82,0.00,0,0,33.17
20230901T,66.82,0.00,0,0,33.17
20231201T,66.69,0.00,0,0,33.30
20240301T,66.69,0.00,0,0,33.31
20240601T,66.69,0.03,0,0,33.28
