20210901T,41.05,2.51,6.30,0,50.14
20211201T,41.05,1.34,3.81,0,53.80
20220301T,41.05,2.23,5.63,0,51.08
20220601T,41.05,1.84,4.20,0,52.91
20220901T,39.41,5.76,3.61,0,51.22
20221201T,39.41,6.41,3.73,0,50.47
20230301T,39.41,6.36,3.63,0,50.62
20230601T,39.41,6.73,5.12,0,48.74
20230901T,38.93,7.15,5.95,0,47.97
20231201T,39.91,11.66,7.58,0,40.85
20240301T,39.91,8.98,6.80,0,44.31
20240601T,35.98,12.93,14.81,0,36.28
