20210901T,50.02,1.53,6.94,0,41.41
20211201T,50.02,1.83,6.14,0,41.90
20220301T,50.02,1.43,6.14,0,42.23
20220601T,50.02,1.42,6.16,0,42.21
20220901T,50.02,0.87,6.30,0,42.62
20221201T,50.02,0.76,6.39,0,42.65
20230301T,50.03,0.68,7.18,0,41.93
20230601T,50.03,0.69,7.22,0,41.87
20230901T,50.59,0.75,7.10,0,41.39
20231201T,50.59,0.80,7.24,0,41.19
20240301T,50.59,1.38,7.29,0,40.66
20240601T,50.58,1.55,7.32,0,40.47
