20210901T,65.04,8.28,0.02,0,26.66
20211201T,65.04,7.90,0.07,0,26.99
20220301T,64.99,6.35,0.07,0,28.59
20220601T,65.11,4.65,0.07,0,30.18
20220901T,63.03,8.32,0.08,0,28.57
20221201T,63.03,9.12,0.08,0,27.76
20230301T,63.21,10.73,0.09,0,25.97
20230601T,63.21,10.64,0.56,0,25.57
20230901T,63.31,9.51,1.66,0,25.53
20231201T,63.30,8.96,1.60,0,26.14
20240301T,60.01,11.52,3.63,0,24.83
20240601T,60.01,13.10,6.51,0,20.36
