20210901T,43.77,4.66,8.17,0,43.40
20211201T,43.68,5.44,8.57,0,42.31
20220301T,44.00,8.96,10.33,0,36.72
20220601T,43.83,10.54,8.92,0,36.70
20220901T,43.71,11.27,9.71,0,35.32
20221201T,43.68,17.25,9.27,0,29.80
20230301T,38.48,16.61,9.73,0,35.17
20230601T,38.30,17.04,10.25,0,34.42
20230901T,38.26,16.82,10.41,0,34.52
20231201T,38.23,19.11,9.32,0,33.33
20240301T,38.21,17.27,9.49,0,35.02
20240601T,35.63,15.36,14.03,0,34.99
