20211201T,57.08,0.21,0.00,0,42.70
20220301T,57.08,0.47,0.00,0,42.45
20220601T,57.08,0.11,0.00,0,42.80
20220901T,57.08,0.00,0.00,0,42.92
20221201T,57.08,0.00,0.00,0,42.92
20230301T,57.08,0.08,0.00,0,42.83
20230601T,57.08,0.18,0.00,0,42.73
20230901T,57.08,0.00,0.00,0,42.92
20231201T,57.08,0.00,1.14,0,41.78
20240301T,57.08,0.46,0.00,0,42.45
20240601T,57.08,0.00,0.00,0,42.90
20240901T,57.08,0.00,0.00,0,42.92
