20210901T,65.40,5.87,3.32,0,25.42
20211201T,65.40,5.73,3.75,0,25.12
20220301T,65.18,5.73,3.68,0,25.41
20220601T,65.17,4.98,4.40,0,25.45
20220901T,65.16,4.59,4.40,0,25.84
20221201T,60.96,8.19,6.18,0,24.67
20230301T,60.80,8.52,4.98,0,25.68
20230601T,60.77,9.79,3.74,0,25.71
20230901T,60.73,10.26,1.76,0,27.25
20231201T,61.41,9.13,2.51,0,26.96
20240301T,61.26,8.07,2.56,0,28.10
20240601T,61.23,7.14,2.56,0,29.06
