20210901T,60.46,5.07,17.76,0,16.47
20211201T,60.46,5.55,17.86,0,15.87
20220301T,60.57,5.52,18.25,0,15.41
20220601T,60.64,5.94,17.87,0,15.56
20220901T,60.64,6.30,16.76,0,16.30
20221201T,60.64,6.73,17.53,0,15.10
20230301T,60.64,6.66,17.95,0,14.75
20230601T,60.64,7.47,17.97,0,13.92
20230901T,60.64,9.09,17.06,0,13.23
20231201T,57.77,10.98,18.62,0,12.63
20240301T,57.77,11.55,18.90,0,11.78
20240601T,57.77,11.51,19.73,0,11.00
