20211201T,75.00,0.63,0.13,0,24.24
20220301T,75.00,0.56,0.13,0,24.31
20220601T,75.00,0.48,0.13,0,24.39
20220901T,75.00,0.09,0.11,0,24.80
20221201T,75.00,0.05,0.11,0,24.84
20230301T,75.00,0.11,0.09,0,24.80
20230601T,75.00,0.04,0.09,0,24.87
20230901T,75.00,0.06,0.09,0,24.86
20231201T,75.00,0.04,0.09,0,24.87
20240301T,75.00,0.03,0.11,0,24.87
20240601T,75.00,0.04,0.09,0,24.86
20240901T,75.00,0.08,0.09,0,24.82
