20210901T,72.62,0.11,7.53,0,19.74
20211201T,72.62,0.10,6.73,0,20.55
20220301T,72.62,0.06,6.89,0,20.43
20220601T,72.62,0.07,7.28,0,20.03
20220901T,72.62,0.06,7.28,0,20.04
20221201T,72.62,0.02,6.30,0,21.05
20230301T,72.62,0.10,5.90,0,21.37
20230601T,72.62,0.02,4.51,0,22.85
20230901T,72.62,0.02,0.08,0,27.27
20231201T,72.62,0.03,0.00,0,27.35
20240301T,72.62,0.00,0.05,0,27.32
20240601T,72.62,1.27,0.22,0,25.86
