20211201T,34.54,24.59,10.72,0,30.14
20220301T,34.52,23.29,11.12,0,31.07
20220601T,34.52,24.64,11.18,0,29.66
20220901T,34.52,24.69,10.91,0,29.88
20221201T,31.16,24.31,10.42,0,34.14
20230301T,31.16,25.71,11.08,0,32.05
20230601T,30.61,25.07,12.73,0,31.59
20230901T,29.67,28.66,12.69,0,28.99
20231201T,29.56,29.25,13.75,0,27.41
20240301T,29.44,30.69,14.06,0,25.81
20240601T,28.33,31.55,14.90,0,25.23
20240901T,28.32,31.94,15.89,0,23.84
