20211201T,69.48,5.89,11.61,0,13.03
20220301T,69.61,6.02,11.74,0,12.63
20220601T,69.61,5.94,12.15,0,12.30
20220901T,69.61,5.32,12.55,0,12.52
20221201T,69.61,4.99,12.76,0,12.64
20230301T,69.61,4.55,13.32,0,12.53
20230601T,69.61,4.34,13.65,0,12.39
20230901T,69.61,4.51,14.22,0,11.67
20231201T,69.61,4.52,14.51,0,11.36
20240301T,69.61,4.46,15.39,0,10.54
20240601T,69.61,4.32,15.47,0,10.61
20240901T,69.61,3.94,16.05,0,10.39
