20211201T,52.66,0.24,0,0,47.11
20220301T,52.66,0.20,0,0,47.14
20220601T,52.66,0.34,0,0,47.00
20220901T,52.66,0.48,0,0,46.86
20221201T,52.66,0.56,0,0,46.78
20230301T,52.66,1.94,0,0,45.40
20230601T,52.66,1.78,0,0,45.56
20230901T,52.66,2.10,0,0,45.23
20231201T,52.66,2.38,0,0,44.96
20240301T,52.66,3.29,0,0,44.04
20240601T,52.66,3.08,0,0,44.25
20240901T,52.66,2.53,0,0,44.81
