20210901T,74.57,0.05,0,0,25.38
20211201T,74.57,0.32,0,0,25.10
20220301T,74.57,0.33,0,0,25.09
20220601T,74.57,0.38,0,0,25.05
20220901T,74.12,0.53,0,0,25.34
20221201T,74.12,0.38,0,0,25.51
20230301T,74.12,0.38,0,0,25.49
20230601T,74.12,0.21,0,0,25.67
20230901T,71.64,0.06,0,0,28.30
20231201T,70.18,0.06,0,0,29.76
20240301T,69.81,0.18,0,0,30.00
20240601T,69.81,0.17,0,0,30.01
