20210901T,47.44,0.50,1.07,0,50.98
20211201T,45.53,0.50,1.07,0,52.89
20220301T,39.12,0.50,1.07,0,59.30
20220601T,37.21,0.63,1.14,0,61.02
20220901T,35.30,0.59,1.15,0,62.95
20221201T,31.35,0.51,1.14,0,67.00
20230301T,27.58,0.50,1.06,0,70.84
20230601T,25.76,0.50,1.06,0,72.67
20230901T,25.76,0.50,1.06,0,72.67
20231201T,14.37,0.00,1.06,0,84.55
20240301T,14.37,0.05,1.06,0,84.51
20240601T,14.37,0.05,1.06,0,84.51
