20211201T,36.93,7.86,11.02,0,44.19
20220301T,36.92,7.87,11.25,0,43.95
20220601T,36.88,7.63,11.68,0,43.80
20220901T,36.84,7.64,11.06,0,44.44
20221201T,36.83,16.31,10.54,0,36.33
20230301T,36.82,16.31,10.53,0,36.33
20230601T,36.82,15.78,9.94,0,37.46
20230901T,36.80,16.60,8.00,0,38.59
20231201T,36.79,16.76,8.37,0,38.09
20240301T,36.78,15.73,10.66,0,36.82
20240601T,35.21,15.58,11.93,0,37.27
20240901T,35.20,10.45,21.01,0,33.34
