20210901T,42.59,12.00,8.71,0,36.70
20211201T,41.31,12.29,11.04,0,35.37
20220301T,41.30,11.73,12.06,0,34.90
20220601T,41.26,11.42,11.14,0,36.18
20220901T,41.26,12.05,9.85,0,36.84
20221201T,41.26,11.14,9.07,0,38.53
20230301T,41.16,9.63,8.58,0,40.63
20230601T,41.16,10.74,11.41,0,36.70
20230901T,41.14,10.56,13.10,0,35.20
20231201T,41.14,12.63,14.23,0,31.97
20240301T,41.13,15.15,14.80,0,28.92
20240601T,39.61,17.54,16.31,0,26.55
