20210901T,56.88,0.05,0.01,0,43.06
20211201T,54.34,0.03,9.51,0,36.11
20220301T,53.82,0.07,9.50,0,36.60
20220601T,53.82,0.03,9.50,0,36.64
20220901T,51.99,0.18,10.32,0,37.52
20221201T,50.44,0.46,10.28,0,38.82
20230301T,50.44,0.68,10.57,0,38.32
20230601T,50.43,0.69,11.48,0,37.39
20230901T,50.43,0.85,11.61,0,37.11
20231201T,50.43,0.49,11.65,0,37.41
20240301T,50.40,0.41,13.51,0,35.67
20240601T,50.27,1.81,12.32,0,35.58
