20210901T,54.24,1.25,0.89,0,43.24
20211201T,54.24,1.48,1.53,0,42.37
20220301T,54.24,1.47,1.55,0,42.36
20220601T,54.24,1.63,1.83,0,41.93
20220901T,54.23,3.29,1.66,0,40.81
20221201T,54.23,3.78,1.68,0,40.31
20230301T,54.24,3.79,1.73,0,40.24
20230601T,54.24,3.62,1.72,0,40.42
20230901T,54.23,3.68,1.83,0,40.26
20231201T,54.22,3.71,1.91,0,40.15
20240301T,54.22,3.94,1.44,0,40.37
20240601T,54.22,3.94,1.47,0,40.34
