20210901T,66.64,0.24,0,0,33.12
20211201T,66.64,0.33,0,0,33.04
20220301T,66.64,0.33,0,0,33.04
20220601T,66.64,0.29,0,0,33.08
20220901T,66.73,0.33,0,0,32.95
20221201T,66.73,0.01,0,0,33.26
20230301T,66.73,0.02,0,0,33.25
20230601T,66.73,0.00,0,0,33.28
20230901T,66.73,0.00,0,0,33.27
20231201T,66.77,0.17,0,0,33.05
20240301T,66.77,0.10,0,0,33.13
20240601T,66.77,0.07,0,0,33.16
