20210901T,58.45,1.52,0.01,0,40.02
20211201T,58.45,1.64,0.01,0,39.91
20220301T,58.45,1.35,0.01,0,40.19
20220601T,58.45,0.92,0.02,0,40.62
20220901T,58.45,0.80,0.01,0,40.75
20221201T,58.45,4.01,0.01,0,37.54
20230301T,58.45,0.58,0.01,0,40.96
20230601T,58.45,0.55,0.00,0,41.01
20230901T,58.67,0.48,0.00,0,40.85
20231201T,59.29,0.58,0.10,0,40.04
20240301T,59.29,1.20,0.00,0,39.51
20240601T,59.29,1.11,0.00,0,39.60
