20210901T,61.22,2.55,10.45,0,25.78
20211201T,61.22,4.90,9.36,0,24.52
20220301T,61.22,5.69,9.44,0,23.65
20220601T,61.22,7.49,7.31,0,23.98
20220901T,61.22,7.54,8.16,0,23.06
20221201T,61.22,7.55,8.51,0,22.72
20230301T,61.22,7.58,8.63,0,22.57
20230601T,61.22,7.67,7.68,0,23.42
20230901T,61.11,7.86,7.40,0,23.64
20231201T,61.11,8.24,7.33,0,23.32
20240301T,61.11,8.28,7.08,0,23.54
20240601T,61.11,8.34,6.99,0,23.57
