20210901T,51.54,16.33,19.55,0,12.50
20211201T,51.54,15.05,20.65,0,12.68
20220301T,51.54,13.45,21.94,0,12.99
20220601T,51.54,15.03,21.73,0,11.62
20220901T,51.54,17.59,19.50,0,11.29
20221201T,51.53,15.29,21.16,0,11.94
20230301T,51.53,14.85,22.15,0,11.40
20230601T,51.53,16.59,20.79,0,11.02
20230901T,51.53,20.21,16.51,0,11.66
20231201T,51.53,20.48,14.66,0,13.25
20240301T,51.52,21.45,12.23,0,14.72
20240601T,51.52,22.03,14.12,0,12.24
