20210901T,54.48,2.80,23.01,0,19.70
20211201T,54.48,2.40,21.87,0,21.25
20220301T,54.48,2.13,21.47,0,21.92
20220601T,54.48,2.43,19.83,0,23.26
20220901T,54.48,1.93,19.10,0,24.48
20221201T,54.48,2.00,19.47,0,24.05
20230301T,54.48,1.90,19.67,0,23.93
20230601T,54.48,2.40,18.64,0,24.48
20230901T,54.48,2.97,19.96,0,22.60
20231201T,54.48,4.51,19.72,0,21.28
20240301T,54.47,7.23,17.63,0,20.66
20240601T,54.47,7.63,19.32,0,18.57
