20210901T,37.88,10.80,8.48,0,42.36
20211201T,37.88,10.95,8.45,0,42.24
20220301T,37.88,11.03,8.64,0,41.99
20220601T,37.88,11.44,9.66,0,40.57
20220901T,37.88,11.77,8.99,0,40.91
20221201T,37.88,42.49,8.93,0,10.25
20230301T,41.88,38.63,8.93,0,10.12
20230601T,41.88,38.82,8.62,0,10.26
20230901T,41.88,40.22,7.64,0,9.85
20231201T,41.88,41.00,7.15,0,9.61
20240301T,41.88,33.48,13.70,0,10.59
20240601T,41.88,27.08,16.35,0,14.38
