20210901T,65.20,0.22,12.21,0,22.37
20211201T,65.19,0.29,12.74,0,21.78
20220301T,65.29,0.32,12.56,0,21.83
20220601T,65.29,0.48,11.79,0,22.45
20220901T,66.77,1.53,9.82,0,21.87
20221201T,66.76,2.19,9.57,0,21.49
20230301T,66.76,2.29,10.58,0,20.37
20230601T,66.76,1.95,10.15,0,21.13
20230901T,66.75,1.33,10.16,0,21.74
20231201T,66.75,1.28,9.74,0,22.22
20240301T,66.75,1.25,7.88,0,24.12
20240601T,66.75,1.03,3.37,0,28.85
