20210901T,8.71,1.45,1.68,0,88.16
20211201T,8.71,1.43,0.58,0,89.28
20220301T,8.71,1.82,0.29,0,89.18
20220601T,8.46,2.17,0.16,0,89.20
20220901T,8.28,3.13,0.07,0,88.52
20221201T,8.27,2.32,0.07,0,89.34
20230301T,7.17,2.32,0.07,0,90.44
20230601T,6.54,3.03,9.86,0,80.58
20230901T,6.54,1.73,15.26,0,76.47
20231201T,6.54,2.94,14.79,0,75.74
20240301T,6.54,3.17,13.59,0,76.70
20240601T,6.54,4.67,13.57,0,75.22
