20210901T,55.73,21.32,10.72,0,12.23
20211201T,55.73,19.85,11.62,0,12.80
20220301T,55.73,17.79,12.70,0,13.78
20220601T,55.73,16.07,13.60,0,14.60
20220901T,55.85,16.26,14.37,0,13.53
20221201T,55.85,14.88,15.23,0,14.04
20230301T,55.85,13.86,16.50,0,13.79
20230601T,55.85,15.65,15.87,0,12.64
20230901T,55.85,18.50,13.21,0,12.44
20231201T,54.10,19.79,13.66,0,12.44
20240301T,54.10,21.22,12.85,0,11.81
20240601T,54.10,22.48,12.45,0,10.96
