20210901T,75.00,2.40,1.05,0,21.55
20211201T,75.00,2.38,1.14,0,21.48
20220301T,75.00,2.38,1.19,0,21.43
20220601T,75.00,2.48,1.30,0,21.22
20220901T,75.00,2.49,1.32,0,21.19
20221201T,75.00,2.61,1.42,0,20.97
20230301T,75.00,2.70,1.41,0,20.88
20230601T,75.00,2.68,1.91,0,20.40
20230901T,75.00,2.69,2.42,0,19.89
20231201T,75.00,2.66,2.76,0,19.57
20240301T,75.00,2.73,3.77,0,18.50
20240601T,75.00,2.79,4.99,0,17.21
