20210901T,69.52,0.00,0.06,0,30.42
20211201T,69.52,0.00,0.58,0,29.90
20220301T,51.23,0.00,0.58,0,48.19
20220601T,49.25,0.00,0.58,0,50.17
20220901T,49.25,0.58,0.00,0,50.17
20221201T,49.25,0.26,0.00,0,50.49
20230301T,49.25,0.10,0.00,0,50.65
20230601T,49.25,0.00,0.00,0,50.75
20230901T,49.25,0.00,0.00,0,50.74
20231201T,49.25,0.00,0.00,0,50.75
20240301T,49.25,0.03,0.00,0,50.72
20240601T,49.25,0.00,0.00,0,50.75
