20211201T,74.80,18.16,4.72,0,2.32
20220301T,74.80,17.83,5.19,0,2.18
20220601T,74.80,17.55,5.60,0,2.05
20220901T,74.80,17.44,5.82,0,1.94
20221201T,74.80,17.25,6.09,0,1.85
20230301T,74.80,16.32,6.14,0,2.75
20230601T,74.80,14.08,6.15,0,4.97
20230901T,74.80,13.94,6.15,0,5.11
20231201T,74.80,13.06,6.14,0,5.98
20240301T,74.80,13.13,6.12,0,5.93
20240601T,74.80,12.96,6.15,0,6.08
20240901T,74.80,13.07,6.13,0,5.99
