20210901T,62.49,0.02,0,0,37.48
20211201T,62.66,0.02,0,0,37.32
20220301T,63.24,0.02,0,0,36.74
20220601T,63.24,0.02,0,0,36.73
20220901T,63.30,0.02,0,0,36.67
20221201T,71.82,0.00,0,0,28.18
20230301T,71.92,0.00,0,0,28.08
20230601T,71.82,0.00,0,0,28.17
20230901T,71.93,0.00,0,0,28.06
20231201T,71.96,0.00,0,0,28.03
20240301T,72.18,0.00,0,0,27.81
20240601T,73.33,0.00,0,0,26.66
