20210901T,28.39,32.45,20.90,0,18.26
20211201T,28.33,33.21,20.00,0,18.46
20220301T,28.23,34.31,18.79,0,18.67
20220601T,28.21,35.07,18.41,0,18.31
20220901T,25.59,38.55,21.28,0,14.58
20221201T,25.55,39.61,20.64,0,14.21
20230301T,25.54,39.74,20.62,0,14.09
20230601T,25.53,41.61,19.25,0,13.63
20230901T,25.48,41.64,19.56,0,13.31
20231201T,25.47,41.13,20.81,0,12.63
20240301T,25.45,39.37,22.77,0,12.40
20240601T,22.92,39.58,18.44,0,19.06
