20210901T,51.83,21.71,15.52,0,10.93
20211201T,51.83,21.37,16.49,0,10.31
20220301T,51.83,20.83,17.47,0,9.86
20220601T,51.83,20.71,17.30,0,10.15
20220901T,51.84,21.41,16.56,0,10.20
20221201T,51.84,22.31,14.90,0,10.96
20230301T,51.84,23.03,15.09,0,10.06
20230601T,51.84,24.12,15.73,0,8.31
20230901T,51.84,22.45,18.29,0,7.43
20231201T,51.84,20.72,20.60,0,6.85
20240301T,51.84,18.01,23.28,0,6.87
20240601T,51.80,16.73,24.77,0,6.69
