20210901T,71.04,0.83,13.64,0,14.49
20211201T,71.04,1.43,13.50,0,14.03
20220301T,71.04,1.08,14.45,0,13.43
20220601T,71.04,1.35,13.31,0,14.30
20220901T,71.04,0.74,13.21,0,15.02
20221201T,71.04,0.71,13.88,0,14.37
20230301T,71.04,0.73,13.53,0,14.71
20230601T,71.04,0.70,12.47,0,15.81
20230901T,71.04,0.67,12.00,0,16.31
20231201T,71.04,0.63,11.96,0,16.38
20240301T,71.04,0.51,11.97,0,16.49
20240601T,71.04,0.58,11.51,0,16.88
