20210901T,31.64,0.00,19.75,0,48.61
20211201T,31.64,0.00,19.75,0,48.61
20220301T,31.64,0.00,19.75,0,48.61
20220601T,33.39,0.00,19.24,0,47.36
20220901T,33.40,0.01,12.31,0,54.30
20221201T,33.40,0.22,12.31,0,54.09
20230301T,33.40,0.00,12.31,0,54.32
20230601T,33.40,0.03,12.31,0,54.28
20230901T,33.40,0.01,12.31,0,54.31
20231201T,33.40,0.00,12.31,0,54.31
20240301T,33.40,0.15,12.58,0,53.89
20240601T,33.40,0.06,12.31,0,54.26
