20200901T,61.21,0.00,24.60,0,14.18
20210301T,61.22,0.00,24.60,0,14.17
20210901T,61.22,0.00,24.45,0,14.32
20220301T,61.22,0.00,24.18,0,14.58
20220901T,61.22,0.18,24.00,0,14.59
20230301T,61.22,0.18,24.00,0,14.59
20230601T,61.22,0.18,21.48,0,17.12
20230901T,61.22,4.35,8.39,0,26.03
20231201T,61.22,5.19,1.69,0,31.89
20240301T,52.76,8.03,1.44,0,37.77
20240601T,52.76,8.60,1.44,0,37.20
20240901T,52.62,8.03,1.41,0,37.95
