20210901T,61.83,0.00,0.01,0,38.16
20211201T,62.71,0.00,0.01,0,37.28
20220301T,64.38,0.00,0.01,0,35.61
20220601T,64.38,0.00,0.01,0,35.61
20220901T,67.65,0.00,0.01,0,32.34
20221201T,68.24,0.00,0.01,0,31.75
20230301T,68.93,0.00,0.01,0,31.05
20230601T,69.12,0.00,0.01,0,30.87
20230901T,69.12,0.00,0.01,0,30.87
20231201T,69.17,0.01,0.01,0,30.81
20240301T,69.17,0.00,0.01,0,30.81
20240601T,69.17,0.03,0.01,0,30.79
