20180901T,66.98,0,0,0,33.02
20190301T,67.32,0,0,0,32.68
20190901T,68.45,0,0,0,31.56
20200301T,68.45,0,0,0,31.56
20200901T,69.52,0,0,0,30.49
20210301T,70.25,0,0,0,29.76
20210901T,71.15,0,0,0,28.85
20220301T,71.65,0,0,0,28.34
20220901T,71.65,0,0,0,28.35
20230301T,71.65,0,0,0,28.34
20230901T,71.65,0,0,0,28.35
20240301T,71.88,0,0,0,28.12
