20210901T,46.23,10.08,7.63,0,36.07
20211201T,46.23,11.27,7.83,0,34.68
20220301T,46.23,11.76,6.67,0,35.34
20220601T,46.23,12.24,5.91,0,35.62
20220901T,46.23,13.16,6.48,0,34.13
20221201T,46.23,12.54,6.31,0,34.93
20230301T,46.23,11.97,6.13,0,35.68
20230601T,46.23,13.14,6.10,0,34.54
20230901T,46.23,13.77,6.10,0,33.89
20231201T,46.07,12.39,6.08,0,35.26
20240301T,46.07,11.94,6.61,0,35.29
20240601T,46.07,10.79,5.14,0,37.93
