20211201T,9.71,47.44,30.21,0,12.64
20220301T,9.70,46.93,30.50,0,12.87
20220601T,9.70,46.58,31.47,0,12.25
20220901T,9.69,46.12,32.26,0,11.95
20221201T,8.19,49.45,31.51,0,10.83
20230301T,8.16,49.05,32.01,0,10.79
20230601T,8.19,52.00,29.91,0,9.91
20230901T,8.22,53.00,29.03,0,9.76
20231201T,8.20,54.68,28.83,0,8.27
20240301T,8.22,53.84,30.12,0,7.81
20240601T,8.31,53.43,31.63,0,6.63
20240901T,8.29,51.78,33.21,0,6.71
