20210901T,72.37,0.00,0,0,27.63
20220301T,72.37,6.04,0,0,21.58
20220601T,72.37,10.02,0,0,17.60
20220901T,72.37,10.61,0,0,17.01
20221201T,69.65,11.63,0,0,18.71
20230301T,69.65,12.45,0,0,17.90
20230601T,69.97,3.43,0,0,26.60
20230901T,69.97,5.32,0,0,24.70
20231201T,64.77,0.46,0,0,34.77
20240301T,62.77,0.47,0,0,36.76
20240601T,62.77,0.52,0,0,36.71
20240901T,41.93,2.43,0,0,55.65
