20211201T,34.87,0.00,0,0,65.13
20220301T,34.87,0.00,0,0,65.12
20220601T,34.80,0.00,0,0,65.20
20220901T,34.80,0.00,0,0,65.20
20221201T,34.80,0.00,0,0,65.20
20230301T,34.80,0.00,0,0,65.19
20230601T,34.80,0.09,0,0,65.10
20230901T,34.81,0.00,0,0,65.19
20231201T,34.81,0.00,0,0,65.20
20240301T,34.81,0.03,0,0,65.18
20240601T,34.98,0.03,0,0,64.99
20240901T,35.42,0.04,0,0,64.55
