20210901T,63.05,12.86,11.05,0,13.04
20211201T,63.01,11.75,11.61,0,13.64
20220301T,62.98,10.64,12.04,0,14.35
20220601T,62.96,10.51,12.41,0,14.12
20220901T,62.91,10.81,12.30,0,13.98
20221201T,62.89,11.26,12.23,0,13.62
20230301T,62.86,11.22,12.39,0,13.51
20230601T,62.85,10.92,11.96,0,14.26
20230901T,62.85,10.49,12.06,0,14.60
20231201T,62.85,10.41,12.11,0,14.62
20240301T,62.80,10.18,12.61,0,14.41
20240601T,62.78,7.93,14.75,0,14.53
