20211201T,24.95,0.94,26.49,0,47.48
20220301T,24.95,1.20,21.54,0,52.17
20220601T,24.95,1.38,19.05,0,54.48
20220901T,24.96,1.59,15.64,0,57.67
20221201T,24.96,1.60,15.27,0,58.03
20230301T,24.96,1.69,15.27,0,57.94
20230601T,24.96,1.60,15.26,0,58.05
20230901T,24.96,1.64,12.41,0,60.87
20231201T,24.96,1.80,9.45,0,63.67
20240301T,24.96,2.57,8.60,0,63.73
20240601T,24.96,2.63,8.43,0,63.84
20240901T,24.96,4.32,8.14,0,62.46
