20210901T,50.07,13.31,4.64,0,31.98
20211201T,50.48,13.02,4.73,0,31.77
20220301T,51.09,12.06,5.17,0,31.68
20220601T,51.20,11.80,5.28,0,31.72
20220901T,51.20,12.04,5.32,0,31.43
20221201T,51.36,12.27,4.95,0,31.41
20230301T,51.46,12.34,4.97,0,31.22
20230601T,51.46,12.39,5.04,0,31.11
20230901T,51.46,11.65,5.88,0,31.01
20231201T,51.46,11.57,5.95,0,31.01
20240301T,51.46,11.53,6.09,0,30.90
20240601T,51.46,11.21,6.42,0,30.92
