20210901T,72.86,0.00,19.48,0,7.65
20211201T,72.86,0.00,19.48,0,7.64
20220301T,72.86,0.00,19.31,0,7.83
20220601T,72.86,0.00,19.03,0,8.11
20220901T,72.86,19.00,0.03,0,8.11
20221201T,72.69,18.95,0.03,0,8.33
20230301T,71.57,18.66,0.03,0,9.75
20230601T,71.22,18.57,0.03,0,10.18
20230901T,71.22,18.57,0.03,0,10.18
20231201T,71.22,18.57,0.03,0,10.18
20240301T,66.86,17.21,0.02,0,15.91
20240601T,65.99,16.88,0.02,0,17.11
