20211201T,34.34,18.34,0.00,0,47.32
20220301T,34.34,18.34,0.00,0,47.32
20220601T,34.34,18.48,0.00,0,47.17
20220901T,34.34,18.29,0.00,0,47.36
20221201T,34.34,18.31,0.00,0,47.35
20230301T,34.34,18.28,0.00,0,47.37
20230601T,34.34,18.39,0.00,0,47.26
20230901T,34.34,18.58,0.00,0,47.08
20231201T,34.34,18.57,0.25,0,46.83
20240301T,34.21,18.90,0.00,0,46.89
20240601T,34.21,18.52,0.00,0,47.27
20240901T,34.21,18.51,0.00,0,47.27
