20210901T,58.30,15.42,12.56,0,13.73
20211201T,58.29,15.07,11.59,0,15.05
20220301T,58.29,14.05,11.78,0,15.87
20220601T,58.29,14.30,11.17,0,16.24
20220901T,58.30,12.96,18.81,0,9.84
20221201T,58.30,12.45,20.12,0,9.03
20230301T,58.30,12.42,20.21,0,8.99
20230601T,58.30,12.40,20.90,0,8.30
20230901T,58.30,12.53,21.11,0,7.94
20231201T,58.30,12.69,21.32,0,7.59
20240301T,58.30,12.24,21.97,0,7.38
20240601T,58.30,12.61,22.29,0,6.65
