20210901T,0,1.73,2.52,0,95.72
20211201T,0,1.57,2.50,0,95.91
20220301T,0,1.63,2.50,0,95.84
20220601T,0,1.61,2.49,0,95.87
20220901T,0,1.62,2.50,0,95.84
20221201T,0,1.31,2.50,0,96.16
20230301T,0,1.20,2.47,0,96.29
20230601T,0,1.95,2.45,0,95.56
20230901T,0,1.82,2.48,0,95.66
20231201T,0,2.12,2.21,0,95.63
20240301T,0,2.71,2.09,0,95.17
20240601T,0,3.07,1.93,0,94.98
