20211201T,49.57,0.31,0,0,50.12
20220301T,49.57,0.31,0,0,50.12
20220601T,52.00,0.30,0,0,47.71
20220901T,52.00,0.20,0,0,47.80
20221201T,51.61,0.18,0,0,48.21
20230301T,51.61,0.17,0,0,48.23
20230601T,51.61,0.17,0,0,48.23
20230901T,51.61,0.14,0,0,48.25
20231201T,51.24,0.13,0,0,48.64
20240301T,51.24,0.13,0,0,48.64
20240601T,51.24,0.13,0,0,48.63
20240901T,50.87,0.13,0,0,49.01
