20211201T,64.62,11.98,0.00,0,23.40
20220301T,66.24,11.74,0.00,0,22.02
20220601T,65.41,11.59,0.00,0,23.01
20220901T,65.41,11.59,0.00,0,23.00
20221201T,65.41,11.59,0.00,0,23.01
20230301T,65.41,7.67,0.00,0,26.92
20230601T,65.41,5.55,0.00,0,29.05
20230901T,57.47,6.48,2.00,0,34.05
20231201T,56.07,8.77,1.95,0,33.21
20240301T,56.07,9.71,1.88,0,32.34
20240601T,56.07,8.51,1.43,0,33.99
20240901T,54.71,10.94,0.93,0,33.42
