20210901T,58.70,0.17,0.10,0,41.04
20211201T,58.70,0.21,0.09,0,41.00
20220301T,58.70,0.23,0.06,0,41.01
20220601T,58.70,0.26,0.00,0,41.04
20220901T,58.69,0.27,0.00,0,41.04
20221201T,58.69,0.26,0.00,0,41.05
20230301T,58.69,0.26,0.01,0,41.04
20230601T,58.69,0.26,0.00,0,41.04
20230901T,58.69,0.26,0.00,0,41.03
20231201T,58.69,0.26,0.00,0,41.04
20240301T,58.69,0.25,0.00,0,41.04
20240601T,58.69,0.25,0.00,0,41.05
