20210901T,67.88,0.38,0.02,0,31.72
20211201T,67.88,0.34,0.02,0,31.76
20220301T,67.88,0.31,0.02,0,31.79
20220601T,67.88,0.37,0.02,0,31.73
20220901T,67.88,0.74,0.02,0,31.37
20221201T,67.88,1.15,0.02,0,30.95
20230301T,67.88,1.88,0.03,0,30.20
20230601T,67.88,1.87,0.02,0,30.23
20230901T,67.88,2.07,0.02,0,30.04
20231201T,67.88,2.35,0.08,0,29.69
20240301T,67.88,3.00,0.13,0,28.97
20240601T,67.88,3.21,0.14,0,28.77
