20210901T,39.99,33.61,2.50,0,23.90
20211201T,39.99,34.60,1.94,0,23.47
20220301T,39.99,34.31,4.56,0,21.14
20220601T,39.99,35.64,7.13,0,17.25
20220901T,39.99,34.20,12.50,0,13.25
20221201T,39.99,32.39,12.46,0,15.09
20230301T,39.99,31.93,13.24,0,14.77
20230601T,39.99,33.53,12.40,0,14.02
20230901T,39.98,32.78,17.45,0,9.73
20231201T,39.98,34.75,14.79,0,10.42
20240301T,39.98,31.20,12.42,0,16.32
20240601T,39.98,28.25,15.06,0,16.63
