20211201T,81.41,0.78,11.25,0,6.55
20220301T,81.41,0.72,11.07,0,6.80
20220601T,81.41,0.75,11.14,0,6.70
20220901T,81.41,1.12,10.84,0,6.64
20221201T,81.41,2.23,10.56,0,5.80
20230301T,81.41,2.67,10.36,0,5.57
20230601T,81.41,2.25,9.90,0,6.44
20230901T,81.41,2.92,9.55,0,6.11
20231201T,73.38,4.31,14.65,0,7.65
20240301T,73.38,4.52,15.82,0,6.27
20240601T,73.38,3.61,15.46,0,7.55
20240901T,73.38,3.21,16.26,0,7.13
