20210901T,58.79,0.00,7.38,0,33.83
20211201T,58.76,0.00,11.30,0,29.94
20220301T,58.73,0.00,11.38,0,29.89
20220601T,58.73,0.00,11.37,0,29.90
20220901T,57.82,11.18,0.19,0,30.80
20221201T,56.30,11.40,0.19,0,32.12
20230301T,56.25,11.44,0.00,0,32.31
20230601T,56.25,0.00,9.72,0,34.03
20230901T,56.11,8.40,0.00,0,35.50
20231201T,54.37,8.93,0.00,0,36.70
20240301T,54.37,8.90,0.00,0,36.74
20240601T,54.27,8.91,0.00,0,36.83
