20210901T,34.60,11.30,16.82,0,37.28
20211201T,34.49,11.61,16.98,0,36.92
20220301T,34.45,11.42,17.12,0,37.01
20220601T,33.98,15.81,27.49,0,22.72
20220901T,33.82,16.60,26.70,0,22.89
20221201T,33.78,17.65,26.06,0,22.51
20230301T,33.79,17.79,26.45,0,21.98
20230601T,33.79,17.97,24.51,0,23.72
20230901T,33.77,18.06,25.15,0,23.02
20231201T,33.73,17.76,25.21,0,23.30
20240301T,33.71,16.88,24.42,0,25.01
20240601T,33.71,17.50,23.06,0,25.73
