20210901T,73.33,2.22,6.63,0,17.82
20211201T,73.33,1.88,6.90,0,17.89
20220301T,73.33,2.34,6.86,0,17.46
20220601T,73.33,2.71,6.45,0,17.50
20220901T,73.33,2.78,6.20,0,17.69
20221201T,73.33,2.83,6.11,0,17.72
20230301T,73.33,2.93,6.35,0,17.37
20230601T,73.33,3.02,6.58,0,17.07
20230901T,73.33,3.18,6.77,0,16.72
20231201T,73.33,3.81,6.63,0,16.21
20240301T,73.33,4.12,6.67,0,15.87
20240601T,73.33,4.35,5.97,0,16.34
