20210901T,55.55,0.28,0,0,44.17
20211201T,55.33,0.33,0,0,44.33
20220301T,55.33,0.25,0,0,44.41
20220601T,55.33,0.37,0,0,44.29
20220901T,55.33,0.32,0,0,44.34
20221201T,55.33,0.12,0,0,44.54
20230301T,55.33,0.08,0,0,44.59
20230601T,55.33,0.08,0,0,44.58
20230901T,55.33,0.15,0,0,44.51
20231201T,55.33,0.07,0,0,44.59
20240301T,55.33,0.05,0,0,44.61
20240601T,55.33,0.01,0,0,44.66
