20210901T,70.57,5.81,0.02,0,23.47
20211201T,70.56,5.73,0.01,0,23.56
20220301T,70.56,5.69,0.01,0,23.60
20220601T,71.21,5.60,0.01,0,23.05
20220901T,71.14,5.50,0.01,0,23.21
20221201T,71.14,5.58,0.01,0,23.15
20230301T,71.14,5.58,0.01,0,23.15
20230601T,71.14,5.54,0.01,0,23.18
20230901T,71.14,4.92,0.01,0,23.80
20231201T,71.14,4.83,0.01,0,23.90
20240301T,71.09,4.81,0.01,0,23.97
20240601T,71.06,4.71,0.01,0,24.09
