20211201T,59.68,0,0.00,0,40.32
20220301T,59.68,0,0.00,0,40.32
20220601T,59.68,0,0.00,0,40.32
20220901T,56.30,0,0.00,0,43.70
20221201T,54.12,0,0.00,0,45.88
20230301T,54.12,0,0.00,0,45.87
20230601T,51.24,0,1.18,0,47.58
20230901T,51.24,0,1.18,0,47.58
20231201T,48.81,0,2.48,0,48.71
20240301T,48.71,0,2.52,0,48.78
20240601T,48.71,0,2.10,0,49.19
20240901T,48.34,0,1.89,0,49.77
