20210901T,74.93,1.43,17.56,0,6.08
20211201T,74.93,1.73,17.38,0,5.96
20220301T,74.93,2.11,16.38,0,6.59
20220601T,74.93,2.40,14.59,0,8.08
20220901T,74.93,2.88,13.00,0,9.18
20221201T,74.93,3.24,12.39,0,9.43
20230301T,74.93,2.83,14.10,0,8.15
20230601T,74.93,3.36,13.78,0,7.92
20230901T,74.93,3.09,12.81,0,9.17
20231201T,74.93,3.09,13.32,0,8.64
20240301T,74.93,2.95,12.39,0,9.72
20240601T,74.93,3.06,9.52,0,12.49
