20210901T,54.03,2.80,21.78,0,21.39
20211201T,54.03,4.31,21.38,0,20.28
20220301T,54.03,6.15,19.08,0,20.75
20220601T,54.03,5.91,18.75,0,21.32
20220901T,54.03,5.13,20.39,0,20.44
20221201T,54.03,5.50,19.87,0,20.59
20230301T,54.03,5.44,19.72,0,20.79
20230601T,54.03,6.08,19.51,0,20.38
20230901T,54.03,6.79,19.03,0,20.16
20231201T,54.03,9.12,18.97,0,17.87
20240301T,54.03,9.91,17.79,0,18.28
20240601T,54.03,6.76,20.14,0,19.08
