20210901T,56.45,1.88,0.02,0,41.65
20211201T,56.45,1.54,0.02,0,41.99
20220301T,56.64,1.01,0.01,0,42.33
20220601T,56.64,0.89,0.02,0,42.44
20220901T,56.65,0.82,0.00,0,42.54
20221201T,56.65,0.85,0.00,0,42.50
20230301T,56.71,0.93,0.00,0,42.38
20230601T,57.48,1.03,0.00,0,41.51
20230901T,57.48,0.95,0.04,0,41.54
20231201T,57.48,1.13,0.05,0,41.35
20240301T,57.48,1.12,0.06,0,41.35
20240601T,57.48,2.09,0.07,0,40.36
