20210901T,74.99,11.22,3.91,0,9.88
20211201T,74.99,11.30,3.57,0,10.14
20220301T,74.99,11.28,3.41,0,10.32
20220601T,74.99,11.03,3.57,0,10.41
20220901T,74.99,11.13,3.16,0,10.71
20221201T,75.00,11.11,2.90,0,10.98
20230301T,75.00,10.64,3.47,0,10.90
20230601T,75.00,10.83,3.75,0,10.42
20230901T,75.00,10.89,4.06,0,10.05
20231201T,74.99,10.68,4.67,0,9.65
20240301T,74.99,10.66,5.17,0,9.17
20240601T,74.99,7.51,7.57,0,9.93
