20210901T,40.78,11.55,0.23,0,47.44
20211201T,45.42,11.22,0.19,0,43.17
20220301T,45.42,11.31,0.20,0,43.08
20220601T,47.30,10.82,0.20,0,41.68
20220901T,47.30,11.27,2.57,0,38.86
20221201T,48.20,12.05,2.57,0,37.16
20230301T,50.10,11.48,2.58,0,35.84
20230601T,50.10,10.84,2.55,0,36.50
20230901T,50.10,9.86,2.63,0,37.42
20231201T,50.10,8.86,2.53,0,38.50
20240301T,50.10,8.77,2.53,0,38.60
20240601T,50.10,8.73,2.53,0,38.62
