20210901T,66.68,0.00,0.28,0,33.03
20211201T,66.71,0.00,0.29,0,33.01
20220301T,66.71,0.00,0.29,0,33.00
20220601T,66.71,0.00,0.29,0,33.00
20220901T,66.71,0.29,0.04,0,32.96
20221201T,66.71,0.29,0.04,0,32.96
20230301T,66.73,0.29,0.04,0,32.94
20230601T,66.73,0.29,0.04,0,32.93
20230901T,66.73,0.32,0.02,0,32.93
20231201T,66.73,0.32,0.02,0,32.92
20240301T,66.73,0.32,0.06,0,32.87
20240601T,66.73,0.90,0.12,0,32.25
