20210901T,75.00,0.00,0.26,0,24.74
20211201T,75.00,0.12,0.25,0,24.63
20220301T,75.00,0.85,0.25,0,23.90
20220601T,75.00,0.80,0.26,0,23.94
20220901T,75.00,0.25,0.26,0,24.50
20221201T,75.00,0.01,0.26,0,24.75
20230301T,75.00,0.00,0.26,0,24.74
20230601T,75.00,0.03,0.26,0,24.72
20230901T,75.00,0.02,0.26,0,24.73
20231201T,75.00,0.01,0.26,0,24.74
20240301T,51.01,0.08,0.26,0,48.67
20240601T,51.01,0.17,0.26,0,48.57
