20210901T,73.95,0.00,0.85,0,24.92
20211201T,73.91,0.00,0.85,0,24.96
20220301T,73.91,0.00,0.82,0,24.99
20220601T,73.91,0.00,0.00,0,25.81
20220901T,73.91,0.00,0.82,0,24.98
20221201T,73.91,0.00,0.82,0,24.99
20230301T,74.66,0.00,0.77,0,24.29
20230601T,74.71,0.00,0.49,0,24.52
20230901T,74.41,0.00,0.33,0,24.97
20231201T,73.76,0.00,0.00,0,25.95
20240301T,72.33,0.21,0.00,0,27.17
20240601T,71.65,0.15,0.00,0,27.92
