20211201T,24.90,1.08,0.00,0,74.02
20220301T,24.90,0.89,0.00,0,74.21
20220601T,24.57,0.43,0.00,0,75.01
20220901T,24.44,0.20,0.00,0,75.35
20221201T,23.52,0.10,0.00,0,76.39
20230301T,23.52,0.10,0.00,0,76.39
20230601T,23.52,0.12,0.00,0,76.37
20230901T,23.52,0.10,0.00,0,76.38
20231201T,23.52,0.17,0.00,0,76.32
20240301T,23.52,0.16,0.00,0,76.33
20240601T,20.27,0.17,3.14,0,76.42
20240901T,20.27,0.15,3.14,0,76.44
