20210901T,55.86,19.87,19.15,0,5.08
20211201T,55.93,19.37,19.48,0,5.16
20220301T,55.93,19.36,19.50,0,5.16
20220601T,55.93,18.54,20.22,0,5.26
20220901T,55.14,21.87,18.76,0,4.06
20221201T,55.12,21.70,19.02,0,4.00
20230301T,55.02,20.97,19.78,0,4.05
20230601T,54.97,21.48,19.55,0,3.82
20230901T,54.75,21.87,19.69,0,3.53
20231201T,54.57,22.69,19.51,0,3.07
20240301T,53.48,24.35,19.20,0,2.80
20240601T,53.17,24.62,19.13,0,2.89
