20210901T,55.32,0.85,0.04,0,43.79
20211201T,55.32,1.15,0.03,0,43.50
20220301T,55.32,1.51,0.03,0,43.14
20220601T,55.32,1.36,0.03,0,43.29
20220901T,55.32,1.61,0.03,0,43.06
20221201T,55.32,1.40,0.03,0,43.24
20230301T,55.32,1.27,0.03,0,43.37
20230601T,55.32,1.45,0.03,0,43.19
20230901T,55.32,1.23,0.03,0,43.42
20231201T,55.32,1.23,0.03,0,43.42
20240301T,55.32,1.31,0.03,0,43.34
20240601T,55.32,1.27,0.03,0,43.37
