20211201T,71.81,0.10,0.00,0,28.10
20220301T,72.27,0.02,0.00,0,27.70
20220601T,72.27,0.00,0.00,0,27.72
20220901T,72.27,0.04,0.00,0,27.28
20221201T,72.27,0.00,0.00,0,27.73
20230301T,72.27,0.05,0.00,0,27.68
20230601T,72.27,0.00,0.02,0,27.71
20230901T,72.27,0.00,0.00,0,27.72
20231201T,72.27,0.00,0.00,0,27.73
20240301T,72.42,0.12,0.08,0,27.39
20240601T,72.42,0.23,0.08,0,27.27
20240901T,72.48,0.24,0.08,0,27.20
