20211201T,66.35,0.07,0.01,0,33.57
20220301T,66.35,0.00,0.01,0,33.64
20220601T,66.35,0.40,0.01,0,33.24
20220901T,66.35,0.23,0.01,0,33.42
20221201T,66.35,0.01,0.01,0,33.63
20230301T,66.35,0.00,0.01,0,33.64
20230601T,66.35,0.04,0.21,0,33.40
20230901T,66.35,0.01,0.09,0,33.56
20231201T,66.35,0.00,0.01,0,33.64
20240301T,66.35,0.34,0.01,0,33.31
20240601T,66.35,0.03,0.01,0,33.61
20240901T,66.35,0.00,0.01,0,33.64
