20211201T,73.70,0.19,0,0,26.11
20220301T,73.70,0.15,0,0,26.15
20220601T,73.70,0.00,0,0,26.30
20220901T,73.70,0.11,0,0,26.19
20221201T,73.60,0.06,0,0,26.34
20230301T,73.60,0.00,0,0,26.40
20230601T,73.53,0.10,0,0,26.37
20230901T,73.53,0.07,0,0,26.39
20231201T,73.53,0.00,0,0,26.48
20240301T,73.53,0.03,0,0,26.45
20240601T,73.53,0.91,0,0,25.57
20240901T,73.53,0.02,0,0,26.46
