20210901T,33.19,21.01,6.67,0,39.13
20211201T,33.14,19.59,6.66,0,40.61
20220301T,33.14,17.33,6.66,0,42.87
20220601T,34.51,17.17,6.65,0,41.67
20220901T,34.55,16.68,6.64,0,42.13
20221201T,34.46,16.53,6.63,0,42.35
20230301T,35.04,16.60,6.63,0,41.73
20230601T,35.12,16.50,6.62,0,41.73
20230901T,35.06,16.31,6.61,0,42.00
20231201T,34.97,15.35,6.60,0,43.08
20240301T,34.97,14.74,6.59,0,43.71
20240601T,34.90,13.24,6.58,0,45.27
