20210901T,74.59,0.72,0.00,0,24.53
20211201T,74.59,1.47,0.00,0,23.86
20220301T,74.59,1.36,0.00,0,24.01
20220601T,74.59,4.32,0.00,0,21.06
20220901T,74.41,6.67,0.05,0,18.64
20221201T,74.41,8.20,0.05,0,17.30
20230301T,74.41,7.57,0.05,0,17.92
20230601T,71.68,8.46,0.05,0,19.78
20230901T,71.52,7.66,0.07,0,20.49
20231201T,71.52,7.56,0.89,0,19.93
20240301T,71.52,7.67,1.05,0,19.65
20240601T,71.52,7.40,1.35,0,19.68
