20210901T,75.00,3.25,9.63,0,12.12
20211201T,75.00,3.21,9.39,0,12.40
20220301T,75.00,3.25,9.51,0,12.24
20220601T,75.00,3.50,9.59,0,11.91
20220901T,75.00,5.13,7.90,0,11.97
20221201T,75.00,5.08,8.45,0,11.45
20230301T,75.00,4.85,9.86,0,10.29
20230601T,75.00,4.24,11.10,0,9.64
20230901T,75.00,4.73,11.76,0,8.50
20231201T,75.00,5.29,11.76,0,7.94
20240301T,75.00,5.40,11.73,0,7.88
20240601T,75.00,5.37,12.65,0,6.98
