20210901T,38.76,10.72,22.69,0,27.83
20211201T,38.76,11.09,22.83,0,27.32
20220301T,38.78,11.83,22.44,0,26.96
20220601T,38.78,12.25,22.06,0,26.92
20220901T,38.79,11.79,23.07,0,26.36
20221201T,38.79,10.96,24.64,0,25.63
20230301T,38.79,10.45,25.13,0,25.65
20230601T,38.91,11.06,24.51,0,25.54
20230901T,36.49,14.89,25.24,0,23.39
20231201T,36.50,15.38,24.82,0,23.29
20240301T,36.50,15.93,24.69,0,22.89
20240601T,36.53,17.04,23.56,0,22.85
