20210901T,61.74,5.03,0.04,0,33.18
20211201T,61.73,5.44,0.06,0,32.77
20220301T,61.69,4.79,0.06,0,33.46
20220601T,61.65,4.87,0.18,0,33.30
20220901T,61.65,5.81,0.14,0,32.39
20221201T,61.64,5.96,0.10,0,32.30
20230301T,61.62,6.18,0.10,0,32.09
20230601T,61.60,6.29,0.07,0,32.02
20230901T,61.60,4.40,0.46,0,33.53
20231201T,61.60,4.48,0.74,0,33.18
20240301T,61.60,4.37,0.26,0,33.78
20240601T,61.60,4.31,0.24,0,33.84
