20210901T,70.54,4.04,16.10,0,9.32
20211201T,70.54,4.03,16.10,0,9.32
20220301T,70.54,3.50,16.37,0,9.59
20220601T,70.54,3.56,16.48,0,9.42
20220901T,70.54,3.62,16.33,0,9.51
20221201T,70.54,3.73,16.52,0,9.22
20230301T,70.54,3.70,16.78,0,8.99
20230601T,70.54,3.88,16.70,0,8.89
20230901T,70.54,3.56,17.04,0,8.86
20231201T,70.54,3.68,17.28,0,8.50
20240301T,70.54,4.10,17.19,0,8.15
20240601T,70.54,5.96,15.80,0,7.71
