20211201T,43.91,13.93,23.86,0,18.30
20220301T,43.88,13.64,23.86,0,18.62
20220601T,43.85,13.31,24.69,0,18.15
20220901T,43.82,13.44,25.28,0,17.46
20221201T,43.80,14.24,24.55,0,17.39
20230301T,43.79,14.31,24.62,0,17.27
20230601T,43.78,13.67,25.45,0,17.09
20230901T,43.77,13.40,25.41,0,17.44
20231201T,43.75,13.73,25.01,0,17.50
20240301T,43.73,14.86,23.84,0,17.58
20240601T,43.72,16.17,22.86,0,17.26
20240901T,41.37,17.30,24.79,0,16.53
