20210901T,73.13,0.00,0,0,26.87
20211201T,73.19,0.00,0,0,26.81
20220301T,73.19,0.00,0,0,26.80
20220601T,73.27,0.00,0,0,26.73
20220901T,73.27,0.00,0,0,26.74
20221201T,73.80,0.00,0,0,26.20
20230301T,73.81,0.01,0,0,26.19
20230601T,73.81,0.00,0,0,26.19
20230901T,73.81,0.00,0,0,26.19
20231201T,73.81,0.00,0,0,26.19
20240301T,73.85,0.00,0,0,26.15
20240601T,73.85,0.00,0,0,26.15
