20210901T,56.44,0.01,2.29,0,41.25
20211201T,56.44,0.07,2.30,0,41.19
20220301T,56.44,0.00,2.30,0,41.26
20220601T,56.44,0.00,2.30,0,41.26
20220901T,56.44,0.02,2.29,0,41.23
20221201T,56.44,0.00,2.29,0,41.26
20230301T,56.72,0.00,2.29,0,40.99
20230601T,56.72,0.00,2.29,0,40.99
20230901T,56.72,0.00,2.30,0,41.00
20231201T,56.72,0.00,2.30,0,40.98
20240301T,56.72,0.00,2.30,0,40.99
20240601T,56.72,0.00,2.30,0,40.99
