20201201T,68.80,0.00,0,0,31.20
20210301T,68.80,0.00,0,0,31.20
20210901T,68.80,0.00,0,0,31.20
20220301T,68.80,0.00,0,0,31.21
20220601T,35.42,0.00,0,0,64.59
20220901T,35.42,0.00,0,0,64.58
20230301T,35.42,0.48,0,0,64.10
20230601T,35.42,0.89,0,0,63.70
20230901T,35.42,0.88,0,0,63.71
20231201T,35.30,0.44,0,0,64.27
20240301T,35.30,1.07,0,0,63.63
20240601T,35.30,0.23,0,0,64.47
