20210901T,64.78,0.68,9.07,0,25.47
20211201T,64.78,0.89,9.54,0,24.79
20220301T,62.79,1.55,9.50,0,26.16
20220601T,88.78,0.03,0.72,0,10.47
20220901T,82.78,0.03,5.43,0,11.76
20221201T,82.78,0.03,5.61,0,11.58
20230301T,75.00,0.03,5.84,0,19.14
20230601T,75.00,0.00,6.33,0,18.68
20230901T,75.00,0.00,6.52,0,18.48
20231201T,75.00,0.00,6.47,0,18.53
20240301T,75.00,0.00,6.33,0,18.67
20240601T,75.00,0.00,5.09,0,19.90
