20211201T,56.38,0,0,0,43.62
20220301T,56.38,0,0,0,43.62
20220601T,56.35,0,0,0,43.63
20220901T,56.26,0,0,0,43.73
20221201T,55.94,0,0,0,44.05
20230301T,55.86,0,0,0,44.14
20230601T,55.77,0,0,0,44.23
20230901T,55.77,0,0,0,44.22
20231201T,55.32,0,0,0,44.68
20240301T,55.32,0,0,0,44.67
20240601T,55.32,0,0,0,44.68
20240901T,55.15,0,0,0,44.85
