20211201T,46.86,4.52,0.94,0,47.69
20220301T,46.86,4.46,0.94,0,47.75
20220601T,46.86,4.46,0.94,0,47.75
20220901T,46.85,4.46,0.94,0,47.75
20221201T,46.85,4.46,0.94,0,47.75
20230301T,46.85,4.46,0.94,0,47.75
20230601T,46.85,4.15,0.94,0,48.05
20230901T,46.85,0.00,0.94,0,52.21
20231201T,46.85,0.02,0.94,0,52.19
20240301T,42.83,0.15,0.80,0,56.22
20240601T,42.83,1.84,0.00,0,55.33
20240701T,42.25,1.75,0.00,0,56.01
