20210901T,21.71,5.01,19.03,0,54.25
20211201T,21.71,4.81,17.88,0,55.60
20220301T,17.65,10.50,14.47,0,57.37
20220601T,17.65,10.74,14.20,0,57.42
20220901T,17.64,11.32,13.53,0,57.52
20221201T,17.64,10.94,12.53,0,58.88
20230301T,17.64,10.18,12.32,0,59.82
20230601T,16.52,10.11,9.31,0,64.01
20230901T,48.03,1.61,3.89,0,46.46
20231201T,48.03,0.99,3.75,0,47.22
20240301T,48.04,1.69,4.55,0,45.73
20240601T,48.03,1.01,4.88,0,46.07
