20211201T,62.93,7.62,13.83,0,15.62
20220301T,62.93,8.48,13.61,0,14.97
20220601T,62.93,7.97,13.82,0,15.27
20220901T,62.93,8.44,15.34,0,13.28
20221201T,62.93,8.74,16.60,0,11.72
20230301T,62.93,8.95,16.20,0,11.92
20230601T,62.93,8.91,15.93,0,12.21
20230901T,62.93,10.19,14.91,0,11.96
20231201T,62.93,11.21,14.29,0,11.55
20240301T,62.93,10.57,14.39,0,12.10
20240601T,62.93,11.91,11.19,0,13.94
20240901T,62.93,11.26,11.65,0,14.17
