20210901T,29.99,0.00,21.66,0,48.36
20211201T,29.99,0.00,22.41,0,47.60
20220301T,29.99,0.00,24.69,0,45.32
20220601T,29.99,0.00,24.80,0,45.21
20220901T,29.99,9.31,23.28,0,37.42
20221201T,29.99,9.95,23.52,0,36.53
20230301T,29.99,10.35,24.97,0,34.68
20230601T,29.99,10.72,27.97,0,31.32
20230901T,29.99,11.36,27.41,0,31.23
20231201T,29.99,11.06,28.46,0,30.48
20240301T,29.99,11.51,27.88,0,30.60
20240601T,29.99,11.53,27.78,0,30.71
