20210901T,38.64,7.25,16.99,0,37.11
20211201T,38.64,7.74,16.65,0,36.96
20220301T,38.64,7.88,14.52,0,38.96
20220601T,38.64,7.72,13.88,0,39.75
20220901T,38.64,6.82,11.68,0,42.85
20221201T,38.64,6.25,11.81,0,43.30
20230301T,38.64,6.52,11.45,0,43.38
20230601T,38.64,12.31,10.57,0,38.48
20230901T,35.66,8.13,8.26,0,47.94
20231201T,38.28,7.26,5.51,0,48.96
20240301T,31.69,11.12,7.82,0,49.37
20240601T,31.69,14.43,7.75,0,46.13
