20210901T,63.68,0.00,0,0,36.31
20211201T,63.68,0.08,0,0,36.24
20220301T,63.68,0.00,0,0,36.31
20220601T,63.68,0.00,0,0,36.31
20220901T,63.68,0.03,0,0,36.29
20221201T,63.68,0.08,0,0,36.22
20230301T,63.68,0.02,0,0,36.31
20230601T,63.68,0.11,0,0,36.21
20230901T,63.68,0.04,0,0,36.28
20231201T,63.68,0.06,0,0,36.25
20240301T,63.68,0.05,0,0,36.27
20240601T,63.68,0.16,0,0,36.16
