20210901T,15.51,0.00,57.99,0,26.50
20211201T,15.51,0.00,57.37,0,27.12
20220301T,15.22,0.06,57.36,0,27.36
20220601T,15.16,0.00,57.11,0,27.73
20220901T,15.16,0.00,57.13,0,27.70
20221201T,15.16,0.00,57.13,0,27.71
20230301T,32.82,0.00,52.61,0,14.57
20230601T,15.16,0.00,57.13,0,27.70
20230901T,15.16,0.00,57.13,0,27.71
20231201T,15.16,0.00,57.13,0,27.71
20240301T,15.16,0.00,57.13,0,27.72
20240601T,62.39,0.00,10.01,0,27.60
