20210901T,46.19,9.21,17.73,0,26.87
20211201T,46.20,9.29,18.30,0,26.20
20220301T,46.26,8.19,19.45,0,26.10
20220601T,46.26,5.80,22.34,0,25.59
20220901T,46.26,7.56,21.85,0,24.32
20221201T,46.26,7.59,21.81,0,24.36
20230301T,46.26,7.75,21.06,0,24.95
20230601T,46.26,7.70,21.05,0,24.99
20230901T,46.26,7.75,21.39,0,24.61
20231201T,46.26,7.77,21.44,0,24.54
20240301T,46.26,8.12,21.73,0,23.89
20240601T,46.09,9.76,20.57,0,23.60
