20210901T,20.00,0.00,38.08,0,41.92
20211201T,20.00,0.00,36.20,0,43.79
20220301T,20.00,0.00,35.92,0,44.07
20220601T,20.00,0.00,34.69,0,45.31
20220901T,20.00,15.65,18.96,0,45.40
20221201T,20.00,15.83,18.46,0,45.71
20230301T,20.00,14.67,18.48,0,46.85
20230601T,15.00,15.10,22.03,0,47.87
20230901T,15.00,15.25,21.80,0,47.94
20231201T,15.00,18.16,21.33,0,45.51
20240601T,15.00,14.00,24.92,0,46.09
20240801T,15.00,14.03,24.17,0,46.79
