20210901T,58.80,0.00,5.89,0,35.30
20211201T,58.80,0.06,5.83,0,35.31
20220301T,58.80,0.00,6.04,0,35.16
20220601T,58.80,0.00,6.06,0,35.14
20220901T,58.80,0.05,6.82,0,34.32
20221201T,58.80,0.03,6.17,0,34.99
20230301T,58.80,0.08,6.34,0,34.78
20230601T,58.80,0.11,7.66,0,33.42
20230901T,58.80,0.48,7.93,0,32.78
20231201T,58.79,0.38,7.25,0,33.57
20240301T,58.79,0.37,7.69,0,33.15
20240601T,58.75,0.37,8.13,0,32.76
