20211201T,73.04,5.47,13.20,0,8.29
20220301T,73.04,6.86,11.19,0,8.91
20220601T,73.04,7.01,11.97,0,7.98
20220901T,73.04,6.96,12.50,0,7.50
20221201T,73.04,6.14,13.33,0,7.49
20230301T,73.04,5.78,13.71,0,7.45
20230601T,73.04,5.61,14.12,0,7.23
20230901T,73.04,5.61,14.48,0,6.86
20231201T,73.04,5.45,14.75,0,6.75
20240301T,72.59,6.28,14.51,0,6.61
20240601T,72.59,4.27,16.67,0,6.46
20240901T,72.59,4.44,16.96,0,6.00
