20210901T,93.08,0.11,2.74,0,4.07
20211201T,93.08,0.10,2.75,0,4.07
20220301T,93.08,0.11,2.76,0,4.05
20220601T,93.08,0.09,2.81,0,4.02
20220901T,93.08,0.10,2.84,0,3.98
20221201T,93.08,0.19,2.88,0,3.84
20230301T,93.08,0.19,2.86,0,3.85
20230601T,93.08,0.15,2.83,0,3.95
20230901T,93.08,0.16,2.84,0,3.91
20231201T,93.08,0.07,2.79,0,4.04
20240301T,93.08,0.17,2.80,0,3.95
20240601T,93.08,0.16,2.81,0,3.95
