20210901T,54.48,17.95,11.82,0,15.75
20211201T,54.48,18.75,10.96,0,15.82
20220301T,54.48,19.92,9.98,0,15.62
20220601T,54.48,18.34,10.60,0,16.59
20220901T,54.48,17.89,9.75,0,17.92
20221201T,54.48,17.52,9.37,0,18.64
20230301T,54.48,18.03,9.73,0,17.77
20230601T,54.48,19.44,9.04,0,17.05
20230901T,54.48,20.92,8.38,0,16.26
20231201T,54.48,20.63,8.38,0,16.53
20240301T,54.48,21.93,6.61,0,16.98
20240601T,54.48,21.45,7.30,0,16.79
