20210901T,74.84,0.04,4.81,0,20.31
20211201T,74.74,0.03,4.80,0,20.43
20220301T,74.72,0.10,6.72,0,18.46
20220601T,74.68,0.10,7.59,0,17.63
20220901T,74.68,0.09,8.32,0,16.90
20221201T,74.64,0.34,11.53,0,13.50
20230301T,69.91,0.21,13.62,0,16.27
20230601T,69.91,0.08,14.34,0,15.68
20230901T,69.91,0.63,14.35,0,15.11
20231201T,69.88,0.81,14.15,0,15.17
20240301T,69.88,0.85,14.18,0,15.09
20240601T,69.88,1.01,14.10,0,15.00
