20210901T,52.70,11.89,6.37,0,29.04
20211201T,52.70,13.14,5.77,0,28.39
20220301T,55.65,13.23,5.28,0,25.84
20220601T,58.12,12.87,5.68,0,23.33
20220901T,58.13,12.97,7.57,0,21.34
20221201T,58.12,12.96,8.32,0,20.60
20230301T,58.12,15.39,7.17,0,19.32
20230601T,58.12,15.94,7.74,0,18.18
20230901T,58.12,16.74,7.83,0,17.31
20231201T,58.12,16.05,9.15,0,16.69
20240301T,58.11,15.18,10.09,0,16.61
20240601T,58.09,14.64,11.07,0,16.19
