20210901T,60.39,11.40,13.19,0,14.93
20211201T,60.40,12.12,12.79,0,14.61
20220301T,60.46,13.41,11.33,0,14.72
20220601T,60.48,13.45,10.56,0,15.48
20220901T,60.48,11.09,12.60,0,15.81
20221201T,60.56,8.75,13.40,0,17.28
20230301T,60.56,9.04,13.27,0,17.10
20230601T,60.56,9.64,11.98,0,17.82
20230901T,60.56,10.85,9.04,0,19.55
20231201T,60.56,13.39,9.35,0,16.70
20240301T,60.70,15.00,7.07,0,17.25
20240601T,60.70,15.60,7.29,0,16.41
