20210901T,66.00,0.28,0.67,0,33.05
20211201T,66.05,0.56,0.83,0,32.56
20220301T,66.28,0.69,0.83,0,32.20
20220601T,66.28,0.57,0.83,0,32.32
20220901T,67.49,0.57,0.83,0,31.10
20221201T,67.55,0.57,0.83,0,31.05
20230301T,67.55,0.58,0.69,0,31.18
20230601T,67.54,0.57,0.69,0,31.20
20230901T,67.54,0.59,0.69,0,31.18
20231201T,67.55,1.10,0.98,0,30.36
20240301T,67.55,0.94,1.18,0,30.32
20240601T,67.56,0.66,1.21,0,30.56
