20210901T,74.47,0.09,1.03,0,24.41
20211201T,74.47,0.02,0.68,0,24.83
20220301T,74.47,0.05,0.28,0,25.21
20220601T,74.47,0.02,0.28,0,25.24
20220901T,74.47,0.14,0.27,0,25.11
20221201T,74.47,0.01,0.27,0,25.25
20230301T,74.47,0.10,0.27,0,25.15
20230601T,74.47,0.01,0.27,0,25.25
20230901T,74.47,0.01,0.27,0,25.24
20231201T,74.47,0.05,0.28,0,25.20
20240301T,74.47,0.25,0.27,0,25.01
20240601T,74.47,0.25,0.27,0,25.01
