20211201T,67.29,2.67,5.85,0,24.20
20220301T,67.29,3.37,5.36,0,23.98
20220601T,67.29,4.01,2.67,0,26.03
20220901T,67.29,4.66,3.29,0,24.76
20221201T,67.29,5.07,3.25,0,24.40
20230301T,67.29,7.67,3.40,0,21.63
20230601T,67.29,8.49,1.97,0,22.25
20230901T,67.29,11.37,1.76,0,19.59
20231201T,67.29,14.70,1.24,0,16.78
20240301T,67.29,15.86,0.75,0,16.11
20240601T,67.29,15.77,0.79,0,16.14
20240901T,67.29,16.17,0.30,0,16.25
