20210901T,64.31,5.02,0.00,0,30.66
20211201T,64.31,5.02,0.00,0,30.65
20220301T,51.45,7.18,0.00,0,41.36
20220601T,51.45,7.03,0.00,0,41.51
20220901T,51.46,14.09,0.00,0,34.46
20221201T,51.46,14.09,0.00,0,34.47
20230301T,55.32,15.12,0.00,0,29.56
20230601T,55.98,14.97,0.00,0,29.05
20230901T,56.27,15.44,0.04,0,28.26
20231201T,57.98,13.58,0.05,0,28.41
20240301T,58.21,12.44,0.06,0,29.29
20240601T,58.21,12.22,0.07,0,29.51
