20210901T,48.62,11.35,25.96,0,14.07
20211201T,48.62,12.14,25.32,0,13.92
20220301T,48.62,11.66,25.64,0,14.09
20220601T,48.62,11.82,25.64,0,13.93
20220901T,48.61,11.76,26.54,0,12.62
20221201T,48.61,11.60,26.57,0,12.78
20230301T,48.39,11.99,26.56,0,12.59
20230601T,48.39,11.31,27.15,0,12.68
20230901T,47.37,12.92,26.71,0,12.53
20231201T,47.37,12.87,25.96,0,13.34
20240301T,47.37,13.78,25.24,0,13.15
20240601T,47.32,13.73,25.51,0,12.99
