20210901T,72.19,10.45,7.84,0,9.52
20211201T,72.19,10.36,7.78,0,9.68
20220301T,72.17,10.66,7.39,0,9.78
20220601T,74.87,6.85,8.10,0,10.17
20220901T,74.96,7.26,7.66,0,10.09
20221201T,74.96,7.29,7.47,0,10.29
20230301T,68.90,8.62,11.19,0,11.26
20230601T,65.70,7.54,14.75,0,11.96
20230901T,65.70,6.61,15.40,0,12.26
20231201T,65.70,5.63,15.98,0,12.66
20240301T,65.70,5.11,18.12,0,11.03
20240601T,65.70,5.03,19.45,0,9.78
