20211201T,37.46,0.47,0.00,0,62.07
20220301T,33.90,0.75,0.00,0,65.35
20220601T,35.25,0.74,0.00,0,64.01
20220901T,36.81,0.79,0.00,0,62.39
20221201T,36.81,1.59,0.00,0,61.61
20230301T,34.61,5.13,0.00,0,60.25
20230601T,34.59,6.22,0.00,0,59.18
20230901T,33.46,6.32,0.17,0,60.04
20231201T,32.77,6.04,0.07,0,61.11
20240301T,32.77,6.06,0.09,0,61.08
20240601T,32.77,5.73,2.12,0,59.37
20240701T,22.61,5.92,2.19,0,69.30
