20210901T,67.61,0,0.89,0,31.50
20211201T,67.61,0,0.90,0,31.50
20220301T,67.61,0,0.89,0,31.50
20220601T,67.61,0,0.97,0,31.42
20220901T,67.60,0,0.00,0,32.40
20221201T,67.60,0,0.00,0,32.41
20230301T,67.60,0,0.00,0,32.39
20230601T,67.60,0,0.00,0,32.38
20230901T,67.60,0,0.00,0,32.39
20231201T,67.60,0,0.00,0,32.40
20240301T,67.43,0,0.00,0,32.58
20240601T,67.43,0,0.00,0,32.56
