20210901T,73.87,0.04,0.00,0,26.10
20211201T,73.87,0.06,0.00,0,26.07
20220301T,73.87,0.10,0.00,0,26.03
20220601T,73.87,0.15,0.00,0,25.99
20220901T,73.87,0.20,0.00,0,25.95
20221201T,73.87,0.34,0.00,0,25.80
20230301T,73.87,1.17,0.03,0,24.94
20230601T,73.89,1.85,0.00,0,24.26
20230901T,73.89,1.72,0.38,0,24.01
20231201T,73.86,1.88,0.28,0,23.98
20240301T,73.86,1.77,0.00,0,24.37
20240601T,73.86,2.04,0.00,0,24.11
