20200601T,43.96,4.04,2.00,0,50.00
20200901T,43.96,3.97,2.00,0,50.07
20201201T,43.96,3.97,2.00,0,50.07
20210301T,41.17,3.51,1.87,0,53.45
20210601T,41.17,3.47,1.87,0,53.49
20210901T,26.99,2.31,10.74,0,59.96
20211201T,26.89,0.81,10.75,0,61.55
20220301T,26.89,0.81,10.75,0,61.55
20220601T,26.86,0.81,10.75,0,61.59
20220901T,7.93,1.01,23.10,0,67.97
20221201T,0.50,0.81,23.10,0,75.58
20230301T,0.50,0.81,23.10,0,75.60
