20211201T,66.13,6.59,21.26,0,5.93
20220301T,66.13,6.94,21.76,0,5.07
20220601T,66.13,6.54,22.49,0,4.75
20220901T,66.13,6.73,22.52,0,4.53
20221201T,66.13,7.86,21.18,0,4.74
20230301T,66.13,7.84,21.05,0,4.90
20230601T,63.13,9.30,22.30,0,5.18
20230901T,63.13,7.80,24.07,0,4.91
20231201T,63.13,8.59,23.06,0,5.10
20240301T,63.13,8.41,23.18,0,5.16
20240601T,63.13,8.39,23.15,0,5.21
20240901T,63.13,9.16,22.56,0,5.02
