20211201T,14.88,3.56,0.00,0,81.55
20220301T,14.64,3.12,0.00,0,82.22
20220601T,13.92,3.15,0.00,0,82.89
20220901T,10.53,5.32,0.12,0,84.00
20221201T,9.59,3.55,0.27,0,86.54
20230301T,9.59,3.69,0.00,0,86.67
20230601T,9.83,2.31,0.14,0,87.72
20230901T,10.53,0.76,0.00,0,88.71
20231201T,10.53,0.79,0.00,0,88.68
20240301T,8.21,1.15,0.00,0,90.63
20240601T,8.21,0.98,0.00,0,90.80
20240901T,8.21,1.03,0.00,0,90.77
