20210901T,74.02,0.00,0.01,0,25.96
20211201T,71.80,0.04,0.02,0,28.14
20220301T,71.57,0.00,0.01,0,28.41
20220601T,71.26,0.00,0.01,0,28.72
20220901T,71.16,0.00,0.01,0,28.83
20221201T,71.20,0.00,0.01,0,28.80
20230301T,71.32,0.00,0.01,0,28.68
20230601T,71.37,0.00,0.01,0,28.65
20230901T,71.37,0.00,0.01,0,28.63
20231201T,70.87,0.03,0.01,0,29.09
20240301T,70.88,0.04,0.01,0,29.07
20240601T,70.88,0.00,0.01,0,29.10
