20210901T,61.15,0.00,0,0,38.85
20211201T,61.15,0.00,0,0,38.85
20220301T,62.99,0.00,0,0,37.01
20220601T,61.46,0.00,0,0,38.54
20220901T,58.66,0.00,0,0,41.34
20221201T,58.66,0.00,0,0,41.33
20230301T,58.66,0.00,0,0,41.35
20230601T,58.66,0.00,0,0,41.34
20230901T,58.79,0.00,0,0,41.22
20231201T,58.79,0.00,0,0,41.22
20240301T,58.79,0.11,0,0,41.10
20240601T,58.79,0.00,0,0,41.21
