20210901T,57.96,6.57,0.00,0,35.47
20211201T,58.95,6.27,0.00,0,34.78
20220301T,59.53,5.97,0.00,0,34.51
20220601T,59.70,4.33,0.00,0,35.97
20220901T,60.07,3.34,0.00,0,36.58
20221201T,60.26,2.89,0.74,0,36.10
20230301T,61.45,2.73,0.92,0,34.89
20230601T,61.32,1.94,1.23,0,35.53
20230901T,61.32,2.23,1.26,0,35.21
20231201T,61.63,2.13,1.25,0,35.00
20240301T,56.12,2.08,1.19,0,40.62
20240601T,55.89,1.94,0.52,0,41.65
