20210901T,71.53,0.00,8.14,0,20.33
20211201T,71.53,0.00,3.66,0,24.80
20220301T,71.53,0.00,3.95,0,24.52
20220601T,71.53,0.00,4.00,0,24.46
20220901T,72.16,3.99,0.02,0,23.84
20221201T,73.97,4.08,0.02,0,21.93
20230301T,74.41,4.29,0.02,0,21.28
20230601T,74.41,3.58,0.02,0,21.99
20230901T,74.89,3.60,0.02,0,21.49
20231201T,74.89,2.53,0.02,0,22.56
20240301T,74.89,2.96,0.02,0,22.13
20240601T,74.89,3.37,0.02,0,21.72
