20211201T,51.68,0.00,0,0,48.31
20220301T,51.77,0.00,0,0,48.22
20220601T,51.77,0.00,0,0,48.22
20220901T,51.77,0.01,0,0,48.21
20221201T,51.77,0.29,0,0,47.94
20230301T,51.77,0.00,0,0,48.23
20230601T,51.77,0.68,0,0,47.54
20230901T,51.77,0.95,0,0,47.27
20231201T,51.78,1.50,0,0,46.71
20240301T,51.86,1.31,0,0,46.83
20240601T,51.92,1.39,0,0,46.68
20240901T,51.92,1.33,0,0,46.75
