20211201T,73.89,8.84,10.04,0,7.23
20220301T,73.85,8.24,10.94,0,6.97
20220601T,73.82,8.67,10.75,0,6.76
20220901T,73.74,9.33,12.68,0,4.25
20221201T,73.71,9.60,12.53,0,4.16
20230301T,73.68,9.67,12.27,0,4.38
20230601T,66.77,9.55,11.90,0,11.77
20230901T,66.69,11.46,15.78,0,6.08
20231201T,66.66,12.00,15.79,0,5.57
20240301T,66.58,11.65,15.76,0,6.01
20240601T,66.56,10.88,16.25,0,6.31
20240901T,66.54,10.76,14.86,0,7.83
