20211201T,66.88,6.84,6.38,0,19.90
20220301T,66.79,6.65,7.00,0,19.56
20220601T,66.74,6.58,7.50,0,19.19
20220901T,66.72,6.69,13.10,0,13.50
20221201T,66.70,6.68,13.03,0,13.59
20230301T,66.69,6.90,13.16,0,13.27
20230601T,66.67,7.17,13.18,0,12.99
20230901T,66.66,7.25,13.08,0,13.01
20231201T,66.65,7.19,12.92,0,13.23
20240301T,66.65,7.20,12.94,0,13.21
20240601T,66.64,7.17,12.49,0,13.69
20240901T,66.64,7.22,12.71,0,13.43
