20210901T,5.99,41.47,42.30,0,10.24
20211201T,5.99,40.17,43.18,0,10.66
20220301T,5.94,38.00,44.39,0,11.67
20220601T,5.94,37.27,44.98,0,11.81
20220901T,2.54,39.69,45.23,0,12.33
20221201T,0.00,39.54,44.52,0,15.72
20230301T,0.00,39.64,44.17,0,15.97
20230601T,0.00,35.00,48.49,0,16.30
20230901T,0.00,35.66,47.46,0,16.65
20231201T,0.00,35.58,47.75,0,16.42
20240301T,0.00,32.18,51.47,0,16.36
20240601T,0.00,34.37,51.63,0,14.01
