20211201T,0,16.00,43.94,0,40.06
20220301T,0,18.12,41.22,0,40.66
20220601T,0,18.16,41.65,0,40.19
20220901T,0,21.32,40.14,0,38.54
20221201T,0,23.75,37.74,0,38.53
20230301T,0,24.95,36.18,0,38.85
20230601T,0,25.33,33.12,0,41.54
20230901T,0,23.66,33.18,0,43.15
20231201T,0,26.60,32.39,0,41.01
20240301T,0,26.95,29.50,0,43.55
20240601T,0,26.44,32.55,0,41.00
20240901T,0,26.01,33.57,0,40.42
