20210901T,51.00,11.97,24.41,0,12.42
20211201T,51.00,12.54,23.76,0,12.50
20220301T,51.00,10.52,25.16,0,13.12
20220601T,51.00,10.35,25.05,0,13.40
20220901T,51.00,10.37,26.54,0,11.90
20221201T,51.00,12.20,24.99,0,11.61
20230301T,51.00,13.99,23.61,0,11.20
20230601T,51.00,14.37,23.76,0,10.67
20230901T,51.00,16.45,21.97,0,10.36
20231201T,51.00,16.51,23.36,0,8.93
20240301T,51.00,17.36,22.86,0,8.63
20240601T,51.00,17.95,22.24,0,8.66
