20210901T,74.91,0.96,0.07,0,23.90
20211201T,74.91,0.90,0.06,0,23.97
20220301T,74.91,1.15,0.07,0,23.71
20220601T,74.91,1.42,0.07,0,23.44
20220901T,74.91,1.17,0.04,0,23.73
20221201T,74.91,1.01,0.07,0,23.84
20230301T,74.91,1.03,0.06,0,23.82
20230601T,74.91,0.90,0.06,0,23.96
20230901T,74.91,0.97,0.08,0,23.88
20231201T,74.92,1.07,0.08,0,23.78
20240301T,74.92,1.03,0.09,0,23.81
20240601T,74.92,0.96,0.09,0,23.87
