20210901T,74.29,1.17,0.00,0,24.54
20211201T,74.30,1.64,0.00,0,24.06
20220301T,74.30,1.68,0.00,0,24.02
20220601T,74.30,2.18,0.00,0,23.52
20220901T,74.30,2.25,0.00,0,23.44
20221201T,70.91,2.32,0.00,0,26.76
20230301T,70.91,2.70,0.00,0,26.39
20230601T,66.50,2.55,0.19,0,30.75
20230901T,66.50,3.14,0.33,0,30.04
20231201T,66.44,2.81,0.36,0,30.40
20240301T,66.44,2.33,0.19,0,31.05
20240601T,66.44,2.19,0.16,0,31.21
