20210901T,70.15,10.79,11.08,0,7.98
20211201T,70.15,9.60,10.17,0,10.08
20220301T,70.15,7.77,9.11,0,12.97
20220601T,70.15,6.35,9.12,0,14.38
20220901T,70.15,6.31,9.12,0,14.42
20221201T,70.15,5.56,9.10,0,15.18
20230301T,70.15,4.70,9.03,0,16.12
20230601T,70.15,2.56,9.03,0,18.26
20230901T,70.15,2.69,9.06,0,18.09
20231201T,70.15,2.89,9.11,0,17.86
20240301T,70.15,2.89,9.08,0,17.89
20240601T,70.15,2.80,9.17,0,17.87
