20210901T,62.93,3.88,0.23,0,32.95
20211201T,63.03,3.90,0.08,0,33.00
20220301T,63.03,3.34,0.16,0,33.48
20220601T,65.28,3.35,0.07,0,31.30
20220901T,58.14,2.42,0.05,0,39.40
20221201T,58.14,2.59,0.05,0,39.22
20230301T,58.97,2.57,0.05,0,38.42
20230601T,58.97,2.34,0.05,0,38.65
20230901T,53.82,2.17,0.04,0,43.96
20231201T,50.89,2.14,0.09,0,46.89
20240301T,47.44,5.23,0.49,0,46.85
20240601T,47.38,3.60,0.43,0,48.59
