20210901T,59.32,4.40,6.15,0,30.13
20211201T,59.32,4.60,6.31,0,29.77
20220301T,59.32,5.50,6.91,0,28.26
20220601T,59.32,5.85,6.63,0,28.19
20220901T,59.32,6.20,4.26,0,30.22
20221201T,59.32,7.20,3.86,0,29.61
20230301T,59.32,9.34,2.55,0,28.79
20230601T,59.32,8.90,3.13,0,28.65
20230901T,59.32,8.80,3.51,0,28.37
20231201T,59.32,8.60,3.68,0,28.39
20240301T,59.32,8.70,2.36,0,29.63
20240601T,59.32,8.05,1.47,0,31.17
