20210901T,14.87,10.86,38.33,0,35.94
20211201T,14.87,9.24,39.61,0,36.27
20220301T,14.86,8.82,38.70,0,37.63
20220601T,14.85,12.45,37.62,0,35.07
20220901T,14.85,12.51,37.51,0,35.13
20221201T,14.85,12.44,39.38,0,33.35
20230301T,14.83,12.27,39.88,0,33.01
20230601T,14.82,12.30,39.70,0,33.19
20230901T,14.82,12.74,38.99,0,33.46
20231201T,14.81,13.02,34.20,0,37.98
20240301T,14.77,12.75,29.65,0,42.82
20240601T,14.75,14.65,27.61,0,43.00
