20211201T,50.11,0.12,0.00,0,49.77
20220301T,50.11,0.32,0.02,0,49.56
20220601T,50.11,0.35,0.01,0,49.53
20220901T,50.11,0.25,7.83,0,41.80
20221201T,50.11,0.09,7.83,0,41.96
20230301T,50.11,0.06,7.83,0,42.01
20230601T,50.11,0.13,7.83,0,41.92
20230901T,50.11,0.99,7.83,0,41.07
20231201T,50.11,1.40,7.83,0,40.67
20240301T,50.11,2.00,7.86,0,40.03
20240601T,50.11,2.23,7.71,0,39.93
20240901T,50.11,2.15,7.51,0,40.22
