20210901T,46.76,6.38,0.03,0,46.84
20211201T,46.76,6.32,0.03,0,46.90
20220301T,46.76,6.72,0.02,0,46.50
20220601T,43.95,6.32,6.07,0,43.67
20220901T,44.85,7.89,0.20,0,47.04
20221201T,45.10,8.22,0.01,0,46.66
20230301T,45.10,8.30,0.01,0,46.58
20230601T,45.10,7.99,0.01,0,46.90
20230901T,45.10,8.43,0.11,0,46.35
20231201T,45.10,7.87,0.01,0,47.01
20240301T,44.08,7.25,0.01,0,48.65
20240601T,44.86,7.35,0.01,0,47.77
