20210901T,56.24,6.26,0.40,0,37.09
20211201T,56.24,7.63,0.40,0,35.73
20220301T,56.24,7.72,0.40,0,35.63
20220601T,56.24,8.14,0.44,0,35.18
20220901T,56.25,8.50,0.49,0,34.77
20221201T,56.24,8.97,0.49,0,34.30
20230301T,56.24,9.28,0.49,0,33.99
20230601T,56.24,9.40,0.49,0,33.87
20230901T,56.24,9.24,0.49,0,34.01
20231201T,56.24,10.07,0.49,0,33.19
20240301T,56.24,10.82,0.65,0,32.28
20240601T,56.24,10.94,0.97,0,31.85
