20210901T,63.99,5.91,0,0,30.08
20211201T,63.99,5.99,0,0,30.00
20220301T,63.99,3.71,0,0,32.27
20220601T,63.99,2.00,0,0,33.99
20220901T,63.49,1.93,0,0,34.55
20221201T,63.49,1.58,0,0,34.90
20230301T,63.49,1.45,0,0,35.04
20230601T,63.49,1.19,0,0,35.32
20230901T,63.49,2.18,0,0,34.34
20231201T,63.49,2.03,0,0,34.47
20240301T,63.49,1.82,0,0,34.67
20240601T,63.49,2.11,0,0,34.40
