20210901T,53.06,1.57,4.95,0,40.42
20211201T,47.58,11.95,1.78,0,38.69
20220301T,47.58,14.29,1.56,0,36.56
20220601T,47.58,15.98,1.67,0,34.76
20220901T,45.46,20.76,2.08,0,31.70
20221201T,45.46,19.37,2.06,0,33.11
20230301T,45.46,19.09,2.13,0,33.32
20230601T,45.46,13.44,2.07,0,39.05
20230901T,45.46,12.97,2.83,0,38.76
20231201T,45.46,13.16,3.50,0,37.90
20240301T,45.63,12.76,3.16,0,38.45
20240601T,45.63,9.85,6.30,0,38.22
