20210901T,33.28,6.61,6.79,0,53.32
20211201T,33.26,5.80,10.89,0,50.05
20220301T,33.23,6.21,10.94,0,49.63
20220601T,33.31,7.69,13.61,0,45.38
20220901T,33.32,6.72,12.84,0,47.11
20221201T,33.31,6.28,12.82,0,47.59
20230301T,33.28,5.35,14.50,0,46.88
20230601T,33.28,6.68,18.04,0,42.01
20230901T,33.26,5.06,15.73,0,45.96
20231201T,33.26,1.56,12.18,0,52.99
20240301T,33.26,1.91,8.93,0,55.90
20240601T,33.26,1.45,8.80,0,56.49
