20210901T,74.90,0.76,0.00,0,24.24
20211201T,74.90,1.03,0.00,0,23.97
20220301T,74.90,1.05,0.00,0,23.95
20220601T,74.90,1.22,0.00,0,23.78
20220901T,74.91,1.19,0.40,0,23.41
20221201T,74.91,1.27,0.19,0,23.56
20230301T,74.91,1.08,0.19,0,23.74
20230601T,74.91,1.24,0.20,0,23.57
20230901T,74.91,1.30,0.21,0,23.50
20231201T,74.91,0.98,0.17,0,23.86
20240301T,74.91,1.11,0.18,0,23.72
20240601T,74.91,0.96,0.18,0,23.87
