20211201T,53.68,0.00,0.00,0,46.32
20220301T,53.68,0.00,0.00,0,46.32
20220601T,53.68,0.00,0.19,0,46.13
20220901T,53.68,0.00,0.00,0,46.32
20221201T,53.68,0.52,0.00,0,45.80
20230301T,53.68,0.56,0.00,0,45.76
20230601T,53.68,0.56,0.00,0,45.76
20230901T,53.68,0.25,0.00,0,46.07
20231201T,53.68,0.19,0.22,0,45.92
20240301T,53.68,0.10,0.22,0,46.00
20240601T,53.68,0.09,0.22,0,45.99
20240901T,53.68,0.09,0.22,0,46.01
