20210901T,69.07,0.00,0,0,30.92
20211001T,69.07,0.00,0,0,30.94
20220301T,69.07,0.00,0,0,30.93
20220601T,68.06,1.00,0,0,30.94
20220901T,68.06,1.81,0,0,30.12
20221201T,67.65,1.81,0,0,30.53
20230301T,67.53,1.72,0,0,30.76
20230601T,67.53,0.00,0,0,32.48
20230901T,67.48,0.00,0,0,32.52
20231201T,71.31,0.00,0,0,28.69
20240301T,70.20,0.00,0,0,29.80
20240601T,70.20,0.00,0,0,29.80
