20211201T,71.49,5.10,14.85,0,8.56
20220301T,71.49,4.86,13.63,0,10.02
20220601T,71.17,4.63,13.27,0,10.93
20220901T,71.18,3.54,11.23,0,14.06
20221201T,71.18,3.48,11.20,0,14.13
20230301T,71.18,3.52,11.23,0,14.06
20230601T,69.96,3.37,11.00,0,15.68
20230901T,69.75,2.92,11.25,0,16.07
20231201T,64.30,5.40,11.11,0,19.18
20240301T,64.27,5.35,10.63,0,19.76
20240601T,64.21,5.41,10.69,0,19.70
20240901T,59.53,6.31,8.96,0,25.21
