20210901T,54.32,0.00,0.04,0,45.64
20211201T,54.37,0.00,0.04,0,45.60
20220301T,54.44,0.00,0.04,0,45.52
20220601T,54.56,0.00,0.04,0,45.41
20220901T,54.56,0.11,0.03,0,45.30
20221201T,54.56,0.11,0.03,0,45.29
20230301T,54.64,0.11,0.03,0,45.21
20230601T,54.64,0.00,0.03,0,45.33
20230901T,54.64,0.00,0.03,0,45.34
20231201T,54.64,0.00,0.03,0,45.34
20240301T,54.87,0.04,0.03,0,45.07
20240601T,54.87,0.00,0.03,0,45.10
