20210901T,73.97,0.01,0,0,26.02
20211201T,73.70,0.01,0,0,26.29
20220301T,73.37,0.01,0,0,26.61
20220601T,73.34,0.01,0,0,26.65
20220901T,73.19,0.02,0,0,26.80
20221201T,73.18,0.01,0,0,26.82
20230301T,73.18,0.00,0,0,26.82
20230601T,73.18,0.00,0,0,26.82
20230901T,73.18,0.00,0,0,26.82
20231201T,73.00,0.00,0,0,27.01
20240301T,72.97,0.06,0,0,26.97
20240601T,72.89,0.00,0,0,27.11
