20211201T,59.75,0.00,0,0,40.25
20220301T,49.26,0.00,0,0,50.74
20220601T,43.75,0.00,0,0,56.26
20220901T,36.66,0.00,0,0,63.34
20221201T,36.66,0.04,0,0,63.29
20230301T,36.66,0.00,0,0,63.34
20230601T,48.77,0.00,0,0,51.23
20230901T,34.15,0.00,0,0,65.85
20231201T,34.15,0.00,0,0,65.85
20240301T,9.41,0.03,0,0,90.56
20240601T,9.41,0.00,0,0,90.59
20240901T,9.41,0.00,0,0,90.59
