20210901T,51.95,20.70,16.36,0,11.00
20211201T,51.95,19.30,17.73,0,11.02
20220301T,51.94,18.45,18.32,0,11.28
20220601T,51.94,16.52,19.98,0,11.56
20220901T,51.94,15.40,20.75,0,11.88
20221201T,51.94,15.15,20.62,0,12.23
20230301T,51.94,14.67,21.00,0,12.31
20230601T,51.93,14.69,21.15,0,12.13
20230901T,51.93,14.60,21.65,0,11.72
20231201T,51.92,14.85,21.78,0,11.33
20240301T,51.92,14.68,22.10,0,11.19
20240601T,51.89,16.16,21.66,0,10.17
