20210901T,51.02,0.03,0.00,0,48.95
20211201T,51.02,0.06,0.00,0,48.92
20220301T,51.02,0.34,0.00,0,48.64
20220601T,51.02,0.26,0.00,0,48.72
20220901T,51.02,0.24,0.00,0,48.73
20221201T,51.02,0.43,0.00,0,48.56
20230301T,51.02,0.35,0.11,0,48.51
20230601T,51.02,0.13,0.05,0,48.79
20230901T,51.02,0.34,0.13,0,48.51
20231201T,51.02,0.35,0.11,0,48.52
20240301T,51.02,0.29,0.00,0,48.67
20240601T,51.02,1.07,0.54,0,47.37
