20211201T,62.54,6.48,14.96,0,16.03
20220301T,62.54,4.40,16.84,0,16.22
20220601T,62.54,4.29,16.86,0,16.32
20220901T,62.21,13.04,14.42,0,10.34
20221201T,62.21,12.83,15.85,0,9.10
20230301T,62.21,12.83,16.06,0,8.91
20230601T,62.21,10.59,18.06,0,9.15
20230901T,62.21,10.92,16.99,0,9.89
20231201T,62.21,11.34,16.90,0,9.55
20240301T,62.21,11.36,17.62,0,8.82
20240601T,60.52,11.27,18.64,0,9.57
20240901T,59.69,11.58,17.96,0,10.78
