20211201T,25.63,1.52,0,0,72.85
20220301T,25.63,1.40,0,0,72.97
20220601T,25.63,1.40,0,0,72.97
20220901T,25.63,1.39,0,0,72.97
20221201T,22.57,1.06,0,0,76.38
20230301T,22.57,1.06,0,0,76.38
20230601T,22.57,1.05,0,0,76.38
20230901T,22.57,1.02,0,0,76.41
20231201T,22.44,0.68,0,0,76.88
20240301T,22.44,0.67,0,0,76.88
20240601T,22.44,0.38,0,0,77.18
20240901T,22.44,0.41,0,0,77.15
