20211201T,73.47,0.05,2.31,0,24.17
20220301T,73.47,0.22,2.31,0,24.00
20220601T,73.47,0.39,2.32,0,23.82
20220901T,73.47,0.23,2.31,0,24.00
20221201T,73.47,0.36,2.31,0,23.83
20230301T,73.47,0.36,7.12,0,18.98
20230601T,73.47,0.15,7.12,0,19.19
20230901T,73.47,0.25,6.36,0,19.86
20231201T,73.47,0.11,5.30,0,21.06
20240301T,73.47,0.30,5.14,0,21.01
20240601T,73.47,0.34,5.09,0,21.02
20240901T,73.47,0.18,5.63,0,20.64
