20211201T,70.23,0.00,0,0,29.77
20220301T,70.23,0.00,0,0,29.77
20220601T,74.09,0.00,0,0,25.91
20220901T,74.09,0.00,0,0,25.91
20221201T,62.55,0.00,0,0,37.45
20230301T,60.24,0.00,0,0,39.76
20230601T,60.24,0.00,0,0,39.75
20230901T,60.24,0.00,0,0,39.76
20231201T,59.66,0.02,0,0,40.31
20240301T,51.97,0.02,0,0,48.01
20240601T,51.97,0.01,0,0,48.03
20240901T,41.62,0.02,0,0,58.35
