20210901T,75.00,0.62,2.09,0,22.29
20211201T,75.00,0.72,2.10,0,22.18
20220301T,75.00,0.69,2.09,0,22.22
20220601T,75.00,0.62,2.10,0,22.28
20220901T,75.00,0.52,2.09,0,22.39
20221201T,75.00,0.52,2.09,0,22.37
20230301T,75.00,0.51,2.09,0,22.39
20230601T,75.00,0.51,2.09,0,22.38
20230901T,75.00,0.55,2.08,0,22.35
20231201T,75.00,0.55,1.73,0,22.71
20240301T,75.00,0.60,1.73,0,22.66
20240601T,75.00,0.53,1.73,0,22.73
