20210901T,42.09,2.76,3.91,0,51.11
20211201T,42.09,4.09,3.91,0,49.78
20220301T,42.09,7.70,3.24,0,46.83
20220601T,42.09,7.16,3.25,0,47.36
20220901T,42.09,7.01,3.25,0,47.51
20221201T,42.09,5.66,3.27,0,48.84
20230301T,42.09,4.37,3.27,0,50.14
20230601T,42.09,4.53,3.25,0,50.00
20230901T,42.09,5.31,0.06,0,52.40
20231201T,42.09,3.97,0.07,0,53.75
20240301T,42.09,4.36,0.00,0,53.42
20240601T,42.09,3.85,0.00,0,53.92
