20210901T,74.16,0.03,0.00,0,25.81
20211201T,74.28,0.05,0.00,0,25.66
20220301T,74.35,0.10,0.00,0,25.55
20220601T,74.36,0.10,0.00,0,25.54
20220901T,74.39,0.13,0.00,0,25.48
20221201T,74.41,0.28,0.00,0,25.30
20230301T,74.43,0.10,0.00,0,25.47
20230601T,74.44,0.35,0.00,0,25.20
20230901T,74.44,0.10,0.09,0,25.37
20231201T,74.45,0.08,0.08,0,25.37
20240301T,74.47,0.03,0.07,0,25.44
20240601T,68.17,0.39,2.34,0,29.09
