20210901T,44.84,11.10,6.90,0,37.16
20211201T,44.84,10.78,6.86,0,37.53
20220301T,44.84,10.88,6.85,0,37.43
20220601T,44.84,11.03,6.84,0,37.30
20220901T,44.83,11.09,9.71,0,34.36
20221201T,44.83,11.31,9.56,0,34.30
20230301T,41.87,16.76,10.03,0,31.35
20230601T,41.87,16.59,10.50,0,31.04
20230901T,41.87,16.67,11.02,0,30.44
20231201T,41.87,16.77,11.42,0,29.95
20240301T,41.87,16.51,11.41,0,30.22
20240601T,41.87,17.13,11.23,0,29.77
