20210901T,35.74,3.22,13.97,0,47.07
20211201T,35.74,3.56,14.03,0,46.65
20220301T,35.74,3.75,13.93,0,46.56
20220601T,35.74,3.73,13.88,0,46.64
20220901T,35.74,3.67,14.37,0,46.22
20221201T,35.74,3.74,14.12,0,46.39
20230301T,32.85,3.77,13.91,0,49.47
20230601T,32.85,4.03,13.74,0,49.36
20230901T,32.85,4.38,13.78,0,49.00
20231201T,32.85,3.71,14.16,0,49.29
20240301T,32.85,5.25,13.77,0,48.13
20240601T,32.85,5.39,13.67,0,48.08
