20211201T,74.06,0.00,0.00,0,25.94
20220301T,74.06,0.00,0.00,0,25.94
20220601T,74.06,0.02,0.01,0,25.92
20220901T,74.06,0.00,0.00,0,25.95
20221201T,74.06,0.02,0.00,0,25.93
20230301T,74.06,0.00,0.00,0,25.96
20230601T,74.06,0.01,0.00,0,25.93
20230901T,74.06,0.00,0.00,0,25.94
20231201T,74.06,0.00,0.00,0,25.95
20240301T,74.06,0.20,0.00,0,25.74
20240601T,74.06,0.10,0.36,0,25.47
20240901T,74.06,0.10,0.37,0,25.47
