20210901T,67.39,0.16,0.33,0,32.12
20211201T,67.39,0.56,0.51,0,31.54
20220301T,67.39,0.37,0.34,0,31.91
20220601T,67.39,0.79,0.33,0,31.49
20220901T,67.39,0.65,0.33,0,31.62
20221201T,67.39,0.51,0.33,0,31.79
20230301T,67.39,0.49,0.13,0,31.99
20230601T,67.39,0.31,0.79,0,31.51
20230901T,67.39,0.41,0.79,0,31.40
20231201T,67.39,0.63,0.79,0,31.20
20240301T,67.39,0.70,0.19,0,31.73
20240601T,67.39,1.44,0.07,0,31.11
