20210901T,31.91,23.82,7.34,0,36.82
20211201T,31.91,24.89,6.76,0,36.25
20220301T,31.32,26.24,5.96,0,36.28
20220601T,31.32,27.00,5.93,0,35.56
20220901T,31.19,28.99,4.76,0,34.87
20221201T,31.19,29.25,4.77,0,34.58
20230301T,31.19,29.09,4.87,0,34.67
20230601T,31.19,29.33,4.87,0,34.47
20230901T,31.19,28.82,4.84,0,34.96
20231201T,31.19,29.02,4.92,0,34.70
20240301T,31.19,29.54,4.97,0,34.12
20240601T,31.19,29.47,5.00,0,34.11
