20210901T,58.30,6.92,1.87,0,32.91
20211201T,58.31,7.11,1.87,0,32.71
20220301T,58.31,7.16,1.88,0,32.65
20220601T,58.31,7.12,1.87,0,32.70
20220901T,58.31,7.11,1.88,0,32.70
20221201T,58.38,7.04,1.88,0,32.70
20230301T,58.38,7.04,1.88,0,32.69
20230601T,58.38,0.16,1.88,0,39.58
20230901T,58.90,0.26,1.88,0,38.96
20231201T,58.90,0.25,1.88,0,38.98
20240301T,59.23,0.16,1.21,0,39.38
20240601T,59.83,0.13,1.21,0,38.82
