20210901T,75.00,8.03,15.33,0,1.64
20211201T,75.00,7.82,15.66,0,1.52
20220301T,75.00,7.22,15.87,0,1.91
20220601T,75.00,6.43,16.69,0,1.88
20220901T,75.00,6.87,16.24,0,1.88
20221201T,75.00,7.65,15.50,0,1.85
20230301T,75.00,7.65,15.55,0,1.81
20230601T,75.00,7.34,15.91,0,1.74
20230901T,75.00,8.31,14.91,0,1.80
20231201T,75.00,7.82,15.40,0,1.77
20240301T,75.00,7.79,15.44,0,1.76
20240601T,75.00,8.67,14.34,0,1.98
