20210901T,51.32,6.03,12.78,0,29.87
20211201T,51.32,6.11,12.58,0,29.99
20220301T,51.32,6.74,13.05,0,28.89
20220601T,51.32,7.11,12.62,0,28.95
20220901T,51.32,7.58,13.08,0,28.02
20221201T,51.32,7.84,14.10,0,26.74
20230301T,51.32,7.96,15.81,0,24.90
20230601T,51.32,7.70,18.46,0,22.51
20230901T,51.32,7.88,17.18,0,23.60
20231201T,51.32,7.60,15.51,0,25.54
20240301T,51.32,7.01,13.60,0,28.05
20240601T,51.32,7.26,13.89,0,27.51
