20210901T,72.62,0.78,0.00,0,26.59
20211201T,71.19,1.16,0.00,0,27.66
20220301T,71.18,1.02,0.47,0,27.31
20220601T,71.11,1.38,0.22,0,27.27
20220901T,71.12,1.40,0.19,0,27.26
20221201T,71.21,1.15,0.17,0,27.44
20230301T,71.34,1.20,0.03,0,27.39
20230601T,71.37,1.16,0.04,0,27.39
20230901T,71.38,1.14,0.04,0,27.40
20231201T,71.38,1.17,0.05,0,27.37
20240301T,71.49,1.36,0.02,0,27.10
20240601T,71.58,1.46,0.18,0,26.75
