20210901T,51.91,14.70,14.81,0,18.58
20211201T,51.91,14.95,14.07,0,19.07
20220301T,51.91,14.58,13.92,0,19.58
20220601T,51.91,14.70,13.90,0,19.49
20220901T,51.91,12.21,15.88,0,19.99
20221201T,51.53,12.13,15.92,0,20.41
20230301T,51.53,11.99,16.35,0,20.14
20230601T,51.53,12.22,15.85,0,20.40
20230901T,51.52,10.41,15.54,0,22.54
20231201T,51.50,9.89,14.52,0,24.07
20240301T,51.50,10.91,13.35,0,24.22
20240601T,51.50,11.35,11.55,0,25.58
