20210901T,81.55,0.80,12.83,0,4.81
20211201T,81.36,0.74,12.78,0,5.12
20220301T,74.59,3.62,16.69,0,5.10
20220601T,74.52,4.09,15.59,0,5.80
20220901T,74.50,4.26,15.36,0,5.86
20221201T,74.48,4.08,15.34,0,6.09
20230301T,0.00,22.69,42.97,0,34.33
20230601T,0.00,21.45,42.96,0,35.58
20230901T,0.00,18.16,43.93,0,37.91
20231201T,0.00,19.61,45.64,0,34.74
20240301T,0.00,19.50,45.21,0,35.28
20240601T,0.00,19.65,45.42,0,34.93
