20210901T,52.68,13.60,9.94,0,23.78
20211201T,52.66,13.34,10.37,0,23.62
20220301T,52.66,13.31,10.50,0,23.52
20220601T,52.30,15.35,10.66,0,21.69
20220901T,52.29,15.39,10.69,0,21.63
20221201T,52.70,15.50,9.95,0,21.85
20230301T,52.86,14.86,10.02,0,22.27
20230601T,52.86,13.78,10.73,0,22.63
20230901T,54.91,13.20,14.52,0,17.37
20231201T,54.90,13.13,14.55,0,17.41
20240301T,54.90,14.27,15.63,0,15.20
20240601T,54.88,14.59,16.23,0,14.30
