20210901T,74.37,8.89,0.02,0,16.72
20211201T,74.37,6.77,0.03,0,18.83
20220301T,74.37,0.12,0.03,0,25.48
20220601T,74.37,0.12,0.03,0,25.48
20220901T,74.37,0.00,0.03,0,25.59
20221201T,74.37,0.00,0.03,0,25.61
20230301T,74.37,0.00,0.03,0,25.60
20230601T,74.37,0.00,0.03,0,25.60
20230901T,73.75,0.00,0.02,0,26.22
20231201T,73.75,0.01,0.02,0,26.22
20240301T,73.75,0.04,0.02,0,26.19
20240601T,73.75,0.01,0.02,0,26.21
