20211201T,4.84,2.47,1.17,0,91.52
20220301T,4.90,3.34,1.59,0,90.18
20220601T,4.84,0.88,1.17,0,93.10
20220901T,43.21,0.87,1.65,0,54.26
20221201T,43.21,0.62,1.54,0,54.64
20230301T,43.21,0.44,2.42,0,53.92
20230601T,43.21,0.40,2.17,0,54.21
20230901T,43.21,0.48,2.93,0,53.39
20231201T,43.21,0.46,2.55,0,53.78
20240301T,43.20,3.60,2.66,0,50.54
20240601T,43.19,3.68,2.59,0,50.53
20240901T,43.19,3.92,2.69,0,50.20
