20210901T,52.49,0.24,7.39,0,39.88
20211201T,52.49,0.27,7.35,0,39.88
20220301T,52.49,0.41,7.35,0,39.75
20220601T,52.60,0.63,7.24,0,39.52
20220901T,52.59,0.77,7.24,0,39.39
20221201T,52.59,0.77,7.22,0,39.40
20230301T,52.59,0.85,6.99,0,39.55
20230601T,52.60,0.74,6.99,0,39.68
20230901T,52.60,0.70,6.97,0,39.72
20231201T,52.60,0.66,6.97,0,39.75
20240301T,52.60,0.56,6.97,0,39.86
20240601T,52.58,0.89,6.97,0,39.56
