20211201T,50.86,0.00,0,0,49.14
20220301T,50.12,0.00,0,0,49.88
20220601T,50.12,0.00,0,0,49.88
20220901T,47.31,0.07,0,0,52.63
20221201T,20.98,0.08,0,0,78.94
20230301T,19.99,0.06,0,0,79.95
20230601T,19.99,0.06,0,0,79.96
20230901T,19.99,0.05,0,0,79.96
20231201T,19.12,0.05,0,0,80.83
20240301T,19.12,0.05,0,0,80.83
20240601T,19.12,0.00,0,0,80.88
20240901T,19.12,0.04,0,0,80.83
