20211201T,42.07,4.19,4.86,0,48.89
20220301T,42.07,4.17,4.86,0,48.90
20220601T,42.07,4.13,4.86,0,48.95
20220901T,42.07,4.23,4.86,0,48.84
20221201T,42.07,4.13,0.00,0,53.81
20230301T,42.07,4.13,0.00,0,53.81
20230601T,42.07,4.13,0.00,0,53.80
20230901T,42.07,4.02,0.00,0,53.92
20231201T,42.07,4.02,0.00,0,53.91
20240301T,42.07,4.15,0.00,0,53.78
20240601T,42.07,4.02,0.00,0,53.92
20240901T,42.07,5.52,0.00,0,52.42
