20210901T,0,25.92,42.53,0,31.55
20211201T,0,25.23,41.66,0,33.11
20220301T,0,26.01,43.25,0,30.74
20220601T,0,26.20,42.12,0,31.68
20220901T,0,26.40,44.22,0,29.38
20221201T,0,27.72,42.33,0,29.96
20230301T,0,26.94,43.66,0,29.41
20230601T,0,26.27,42.11,0,31.61
20230901T,0,27.02,45.74,0,27.25
20231201T,0,29.38,44.39,0,26.23
20240301T,0,28.57,45.16,0,26.28
20240601T,0,28.63,44.97,0,26.40
