20200601T,50.11,1.17,2.66,0,46.07
20200901T,43.29,0.49,6.45,0,49.76
20201201T,37.09,0.19,5.96,0,56.76
20210301T,20.61,0.19,5.95,0,73.25
20210601T,20.61,0.19,5.95,0,73.25
20210901T,20.61,0.19,5.25,0,73.95
20211201T,18.88,0.19,4.96,0,75.97
20220301T,17.03,0.19,0.57,0,82.21
20220601T,16.37,0.02,0.58,0,83.03
20220901T,16.37,0.02,0.58,0,83.03
20221201T,16.37,0.02,0.58,0,83.02
20230301T,16.37,0.02,0.58,0,83.03
