20210901T,66.56,9.74,0.35,0,23.35
20211201T,66.56,10.45,0.19,0,22.80
20220301T,66.56,10.78,0.21,0,22.45
20220601T,66.56,4.00,0.98,0,28.46
20220901T,66.56,5.55,0.82,0,27.06
20221201T,66.56,5.97,0.93,0,26.51
20230301T,66.56,3.92,0.80,0,28.73
20230601T,66.56,3.94,0.81,0,28.68
20230901T,66.56,2.90,0.86,0,29.68
20231201T,66.56,2.32,0.80,0,30.30
20240301T,66.56,1.99,1.65,0,29.78
20240601T,58.96,3.41,3.18,0,34.45
