20211201T,35.92,9.37,16.47,0,38.24
20220301T,35.92,9.36,15.73,0,39.00
20220601T,35.92,9.25,15.28,0,39.56
20220901T,35.92,9.74,18.31,0,36.04
20221201T,35.92,10.22,18.10,0,35.77
20230301T,35.92,10.78,17.03,0,36.28
20230601T,35.92,11.25,15.56,0,37.27
20230901T,35.92,11.77,15.58,0,36.73
20231201T,35.92,11.06,15.93,0,37.09
20240301T,35.92,11.58,15.87,0,36.65
20240601T,35.86,11.64,16.83,0,35.66
20240901T,35.86,11.32,16.73,0,36.10
