20210901T,75.00,6.79,11.32,0,6.89
20211201T,75.00,7.26,11.21,0,6.53
20220301T,75.00,7.25,11.64,0,6.11
20220601T,75.00,7.20,10.94,0,6.86
20220901T,75.00,6.74,10.92,0,7.33
20221201T,75.00,5.91,11.51,0,7.58
20230301T,75.00,4.84,12.09,0,8.07
20230601T,75.00,3.78,12.24,0,8.99
20230901T,75.00,3.78,12.17,0,9.05
20231201T,75.00,3.58,11.84,0,9.58
20240301T,75.00,4.47,10.76,0,9.77
20240601T,75.00,4.94,11.12,0,8.92
