20210901T,74.98,0.11,1.57,0,23.33
20211201T,74.98,0.07,1.63,0,23.32
20220301T,74.98,0.02,1.92,0,23.07
20220601T,74.98,0.04,1.87,0,23.11
20220901T,74.98,0.21,1.48,0,23.32
20221201T,74.98,0.14,1.43,0,23.43
20230301T,74.98,0.18,1.43,0,23.39
20230601T,74.98,0.49,1.43,0,23.09
20230901T,74.98,0.63,1.13,0,23.24
20231201T,74.98,0.45,1.13,0,23.42
20240301T,74.98,0.44,0.61,0,23.94
20240601T,74.98,0.53,0.00,0,24.47
