20210901T,61.63,2.39,2.67,0,33.31
20211201T,61.63,2.46,2.54,0,33.37
20220301T,61.63,2.60,3.31,0,32.46
20220601T,61.63,2.49,2.90,0,32.98
20220901T,61.63,2.55,2.20,0,33.62
20221201T,61.63,2.71,2.19,0,33.47
20230301T,61.63,2.72,2.32,0,33.33
20230601T,61.63,4.11,1.48,0,32.77
20230901T,61.63,4.94,1.59,0,31.86
20231201T,61.63,4.91,1.20,0,32.27
20240301T,61.63,6.34,0.86,0,31.16
20240601T,61.63,7.78,1.02,0,29.57
