20210901T,67.24,0.08,0,0,32.68
20211201T,67.24,0.10,0,0,32.66
20220301T,67.24,0.10,0,0,32.67
20220601T,68.72,0.03,0,0,31.25
20220901T,68.72,0.01,0,0,31.26
20221201T,68.73,0.01,0,0,31.25
20230301T,68.75,0.01,0,0,31.22
20230601T,68.79,0.01,0,0,31.19
20230901T,68.94,0.00,0,0,31.05
20231201T,68.94,0.01,0,0,31.04
20240301T,68.93,0.02,0,0,31.02
20240601T,68.93,0.16,0,0,30.89
