20210901T,43.14,0.21,0.15,0,56.50
20211201T,44.41,0.21,0.15,0,55.24
20220301T,44.41,0.21,0.15,0,55.24
20220601T,44.51,0.64,0.00,0,54.85
20220901T,44.68,0.66,0.00,0,54.65
20221201T,42.80,1.01,0.00,0,56.20
20230301T,42.80,3.37,0.00,0,53.83
20230601T,42.80,2.92,0.00,0,54.29
20230901T,40.97,2.94,0.02,0,56.08
20231201T,40.97,2.97,0.00,0,56.07
20240301T,39.01,5.20,0.10,0,55.69
20240601T,39.01,5.24,0.01,0,55.75
