20201201T,45.10,25.62,0.92,0,28.37
20210301T,44.72,24.50,0.64,0,30.13
20210601T,44.66,19.21,0.64,0,35.49
20210901T,41.27,16.94,0.00,0,41.79
20211201T,41.27,15.89,0.00,0,42.84
20220301T,41.27,14.22,0.00,0,44.51
20220601T,40.20,13.27,0.84,0,45.68
20220901T,5.02,13.35,6.07,0,75.56
20221201T,3.94,3.26,1.07,0,91.73
20230301T,3.94,3.94,1.07,0,91.04
20230601T,3.94,3.94,1.07,0,91.06
20230901T,3.94,3.92,1.07,0,91.07
