20211201T,50.45,0.89,5.40,0,43.27
20220301T,50.45,0.96,5.38,0,43.21
20220601T,50.44,1.81,5.42,0,42.33
20220901T,50.44,2.38,5.26,0,41.90
20221201T,50.44,2.36,5.30,0,41.90
20230301T,50.44,2.33,5.24,0,42.00
20230601T,50.42,2.67,5.34,0,41.56
20230901T,50.30,2.50,5.44,0,41.77
20231201T,50.27,2.05,5.66,0,42.00
20240301T,42.66,16.87,5.01,0,35.46
20240601T,42.66,17.91,4.81,0,34.62
20240901T,39.33,22.49,3.54,0,34.62
