20210901T,62.11,1.56,0.00,0,36.33
20211201T,62.05,1.95,0.00,0,36.00
20220301T,60.64,2.10,0.00,0,37.26
20220601T,58.97,1.99,0.00,0,39.04
20220901T,56.22,2.08,0.00,0,41.70
20221201T,54.68,1.88,0.00,0,43.45
20230301T,54.62,1.72,0.00,0,43.67
20230601T,54.61,1.59,0.00,0,43.81
20230901T,54.61,1.68,0.00,0,43.72
20231201T,54.59,2.59,0.00,0,42.82
20240301T,54.59,2.41,0.00,0,43.01
20240601T,54.59,3.37,0.02,0,42.02
