20210901T,29.21,19.58,23.95,0,27.25
20211201T,29.21,20.64,21.83,0,28.31
20220301T,30.06,21.94,20.36,0,27.63
20220601T,30.07,22.06,20.64,0,27.21
20220901T,30.08,23.92,18.58,0,27.41
20221201T,30.08,25.07,17.13,0,27.71
20230301T,30.08,25.94,17.04,0,26.93
20230601T,30.08,26.18,16.66,0,27.08
20230901T,30.08,27.30,15.91,0,26.72
20231201T,30.08,26.75,16.39,0,26.76
20240301T,30.08,27.41,16.60,0,25.91
20240601T,30.08,24.51,17.36,0,28.05
