20211201T,68.72,4.46,2.05,0,24.76
20220301T,68.72,4.09,2.05,0,25.14
20220601T,68.72,4.16,2.05,0,25.06
20220901T,68.72,4.29,2.05,0,24.93
20221201T,68.72,3.84,2.05,0,25.39
20230301T,68.72,3.52,2.05,0,25.70
20230601T,68.72,1.81,2.05,0,27.40
20230901T,68.72,0.39,2.05,0,28.84
20231201T,68.72,0.39,2.06,0,28.80
20240301T,68.72,0.45,2.05,0,28.76
20240601T,68.72,0.23,2.05,0,29.00
20240901T,68.72,0.27,1.97,0,29.03
