20211201T,19.07,16.31,19.04,0,45.58
20220301T,19.07,15.42,19.08,0,46.43
20220601T,19.03,18.50,15.59,0,46.89
20220901T,19.03,22.40,11.82,0,46.74
20221201T,19.05,24.38,11.06,0,45.50
20230301T,19.05,25.09,10.79,0,45.06
20230601T,19.06,26.04,10.78,0,44.12
20230901T,19.06,25.27,9.68,0,45.99
20231201T,19.03,24.66,8.60,0,47.70
20240301T,19.04,24.99,8.29,0,47.67
20240601T,19.03,24.76,9.29,0,46.91
20240901T,19.03,25.70,9.79,0,45.45
