20210901T,42.41,0.36,0.00,0,57.23
20211201T,42.41,1.35,6.34,0,49.90
20220301T,42.41,1.41,6.34,0,49.84
20220601T,42.41,1.78,6.33,0,49.48
20220901T,42.41,1.85,6.34,0,49.39
20221201T,42.41,2.33,6.34,0,48.92
20230301T,42.41,2.22,6.34,0,49.03
20230601T,42.41,2.04,6.34,0,49.21
20230901T,42.41,3.62,6.34,0,47.63
20231201T,42.41,3.28,5.89,0,48.40
20240301T,42.41,3.18,5.89,0,48.52
20240601T,42.41,2.64,5.89,0,49.04
