20210901T,75.00,2.10,10.54,0,12.36
20211201T,75.00,2.11,10.49,0,12.41
20220301T,75.00,2.17,10.34,0,12.50
20220601T,75.00,2.18,10.43,0,12.39
20220901T,75.00,2.34,10.37,0,12.31
20221201T,75.00,2.50,10.16,0,12.35
20230301T,75.00,1.52,10.78,0,12.71
20230601T,75.00,0.66,11.29,0,13.06
20230901T,75.00,0.61,11.08,0,13.32
20231201T,75.00,0.64,11.22,0,13.15
20240301T,75.00,0.71,12.82,0,11.48
20240601T,75.00,1.84,12.08,0,11.08
