20210901T,69.08,0.00,2.96,0,27.93
20211201T,69.08,0.00,1.69,0,29.19
20220301T,69.08,0.00,1.36,0,29.53
20220601T,69.08,0.00,1.33,0,29.56
20220901T,69.08,0.00,0.82,0,30.07
20221201T,69.08,0.00,0.64,0,30.25
20230301T,69.08,0.00,0.32,0,30.55
20230601T,69.08,0.00,0.31,0,30.57
20230901T,69.08,0.01,0.31,0,30.57
20231201T,69.08,0.10,0.31,0,30.47
20240301T,69.08,0.00,0.31,0,30.57
20240601T,69.08,0.00,0.31,0,30.58
