20210901T,58.02,11.01,11.75,0,19.21
20211201T,58.00,11.30,11.66,0,19.05
20220301T,58.00,10.72,12.46,0,18.82
20220601T,57.87,9.41,17.36,0,15.35
20220901T,57.86,6.10,21.92,0,14.13
20221201T,57.86,4.67,23.13,0,14.35
20230301T,57.86,4.33,23.23,0,14.59
20230601T,57.86,2.80,23.38,0,15.97
20230901T,57.86,4.91,22.45,0,14.78
20231201T,57.86,4.05,24.17,0,13.93
20240301T,57.86,3.59,25.23,0,13.32
20240601T,51.83,6.88,32.83,0,8.46
