20211201T,74.95,0.00,0,0,25.05
20220301T,74.95,0.00,0,0,25.05
20220601T,74.95,0.00,0,0,25.05
20220901T,74.36,0.00,0,0,25.64
20221201T,73.32,0.12,0,0,26.56
20230301T,73.16,0.12,0,0,26.72
20230601T,73.16,0.07,0,0,26.77
20230901T,73.16,0.07,0,0,26.77
20231201T,70.94,0.14,0,0,28.92
20240301T,70.94,0.07,0,0,28.99
20240601T,70.94,0.07,0,0,29.00
20240901T,70.94,0.00,0,0,29.06
