20210901T,82.84,8.03,0.46,0,8.67
20211201T,82.85,8.32,0.47,0,8.36
20220301T,82.85,8.12,0.56,0,8.47
20220601T,82.85,7.58,0.79,0,8.78
20220901T,82.85,6.04,0.79,0,10.31
20221201T,82.85,4.45,0.08,0,12.62
20230301T,82.85,3.28,0.00,0,13.86
20230601T,82.85,3.27,0.58,0,13.30
20230901T,82.85,4.39,0.64,0,12.13
20231201T,82.85,4.57,0.74,0,11.84
20240301T,82.85,5.01,1.41,0,10.73
20240601T,82.85,4.81,1.57,0,10.76
