20210901T,74.43,1.60,0.00,0,23.97
20211201T,74.43,1.91,0.00,0,23.66
20220301T,74.43,1.70,0.00,0,23.87
20220601T,74.43,1.63,0.00,0,23.94
20220901T,74.43,1.78,0.00,0,23.80
20221201T,74.43,1.68,0.00,0,23.89
20230301T,74.43,1.66,0.00,0,23.91
20230601T,74.43,0.30,0.02,0,25.26
20230901T,74.43,0.34,0.00,0,25.24
20231201T,74.43,0.30,0.00,0,25.27
20240301T,74.43,0.36,0.00,0,25.22
20240601T,74.43,0.63,0.00,0,24.94
