20211201T,74.00,1.71,2.50,0,21.75
20220301T,74.00,2.93,2.66,0,20.36
20220601T,74.00,3.61,2.11,0,20.23
20220901T,74.00,3.67,1.93,0,20.40
20221201T,74.00,4.07,1.72,0,20.15
20230301T,74.00,3.82,1.65,0,20.54
20230601T,74.00,3.08,1.51,0,21.41
20230901T,74.00,1.89,1.00,0,23.09
20231201T,74.00,1.76,0.89,0,23.34
20240301T,74.00,1.82,0.75,0,23.43
20240601T,74.00,1.60,1.00,0,23.36
20240901T,74.00,1.68,0.78,0,23.54
