20210901T,54.95,10.03,5.93,0,29.09
20211201T,54.95,10.85,5.99,0,28.22
20220301T,54.95,12.15,5.82,0,27.09
20220601T,54.95,11.84,6.10,0,27.11
20220901T,56.06,11.71,5.61,0,26.63
20221201T,38.74,19.02,10.65,0,31.60
20230301T,38.74,19.96,10.58,0,30.72
20230601T,38.74,18.84,10.75,0,31.67
20230901T,25.18,26.49,12.58,0,35.75
20231201T,25.18,22.58,13.10,0,39.12
20240301T,25.18,22.15,13.06,0,39.61
20240601T,25.18,22.20,14.51,0,38.11
