20211201T,59.83,28.21,1.96,0,10.00
20220301T,58.90,27.66,2.45,0,10.99
20220601T,58.90,27.80,2.11,0,11.19
20220901T,58.90,27.85,3.91,0,9.36
20221201T,58.90,27.84,4.23,0,9.05
20230301T,59.00,28.36,4.11,0,8.54
20230601T,59.07,28.15,4.43,0,8.36
20230901T,59.07,28.01,4.28,0,8.65
20231201T,59.07,27.38,5.22,0,8.34
20240301T,59.07,26.78,6.07,0,8.08
20240601T,59.07,25.98,5.74,0,9.21
20240701T,66.07,14.76,3.38,0,15.79
