20211201T,67.52,0.94,8.34,0,23.19
20220301T,67.88,0.60,8.77,0,22.75
20220601T,67.94,0.45,9.78,0,21.82
20220901T,67.96,0.18,10.63,0,21.22
20221201T,68.08,0.02,11.19,0,20.69
20230301T,68.09,2.17,11.91,0,17.83
20230601T,68.15,1.05,11.32,0,19.48
20230901T,68.15,1.12,10.83,0,19.90
20231201T,68.15,0.37,10.95,0,20.54
20240301T,68.16,0.20,11.01,0,20.63
20240601T,68.16,0.28,11.23,0,20.32
20240901T,67.81,0.61,11.77,0,19.82
