20211201T,73.83,2.86,1.34,0,21.66
20220301T,73.83,2.86,1.35,0,21.66
20220601T,73.83,2.86,1.34,0,21.66
20220901T,73.83,2.86,1.34,0,21.66
20221201T,73.83,2.91,1.33,0,21.64
20230301T,73.83,3.31,1.26,0,21.31
20230601T,73.83,3.44,1.26,0,21.17
20230901T,73.83,3.44,1.25,0,21.16
20231201T,73.83,0.07,2.69,0,23.10
20240301T,72.82,0.13,2.82,0,23.93
20240601T,72.82,0.11,1.25,0,25.51
20240901T,72.82,0.14,1.25,0,25.49
