20210901T,71.64,2.88,1.47,0,24.01
20211201T,71.64,2.86,1.37,0,24.13
20220301T,71.64,2.43,1.61,0,24.33
20220601T,73.70,1.48,2.89,0,21.92
20220901T,74.07,1.64,5.17,0,19.12
20221201T,74.07,9.73,5.19,0,11.01
20230301T,74.06,9.70,5.01,0,11.23
20230601T,74.04,9.70,5.04,0,11.21
20230901T,74.05,9.55,5.09,0,11.31
20231201T,74.05,9.44,5.49,0,11.04
20240301T,74.05,9.43,5.09,0,11.44
20240601T,74.03,9.48,4.34,0,12.14
