20210901T,58.43,30.02,4.33,0,7.22
20211201T,58.43,29.85,4.09,0,7.63
20220301T,58.43,28.38,4.56,0,8.63
20220601T,58.43,27.73,4.92,0,8.92
20220901T,58.48,27.50,4.54,0,9.48
20221201T,58.48,27.41,4.56,0,9.56
20230301T,58.48,27.09,4.69,0,9.74
20230601T,58.48,28.85,4.29,0,8.37
20230901T,58.48,29.25,4.61,0,7.66
20231201T,58.48,29.73,4.69,0,7.10
20240301T,58.48,29.67,5.56,0,6.31
20240601T,58.47,29.91,5.62,0,5.98
