20210901T,67.18,8.45,3.76,0,20.61
20211201T,67.18,8.62,3.77,0,20.43
20220301T,67.18,9.00,3.27,0,20.55
20220601T,67.18,8.89,3.19,0,20.74
20220901T,67.17,8.96,3.00,0,20.86
20221201T,67.17,9.79,2.82,0,20.22
20230301T,67.17,10.41,2.13,0,20.28
20230601T,67.17,10.76,1.84,0,20.23
20230901T,67.16,10.39,2.34,0,20.12
20231201T,67.16,10.17,2.90,0,19.77
20240301T,67.16,7.92,4.86,0,20.05
20240601T,67.16,8.02,5.01,0,19.81
