20211201T,72.09,0.00,1.01,0,26.90
20220301T,72.09,0.24,1.01,0,26.66
20220601T,72.09,0.17,1.01,0,26.73
20220901T,72.09,0.09,0.00,0,27.81
20221201T,72.09,0.14,0.00,0,27.78
20230301T,71.79,0.20,0.00,0,28.00
20230601T,71.79,0.09,0.00,0,28.11
20230901T,71.79,0.09,0.00,0,28.11
20231201T,73.01,0.23,0.00,0,26.76
20240301T,73.01,0.33,0.00,0,26.66
20240601T,74.62,0.23,0.00,0,25.15
20240901T,74.62,0.30,0.00,0,25.08
