20211201T,69.82,0.31,0.00,0,29.87
20220301T,72.17,0.25,0.00,0,27.58
20220601T,72.17,0.22,0.00,0,27.61
20220901T,72.17,0.24,0.00,0,27.58
20221201T,72.17,0.21,0.00,0,27.62
20230301T,71.97,0.05,0.00,0,27.98
20230601T,72.56,0.05,0.00,0,27.39
20230901T,72.56,0.06,0.00,0,27.38
20231201T,72.56,0.05,0.00,0,27.38
20240301T,73.62,0.76,0.00,0,25.62
20240601T,73.67,0.82,0.00,0,25.51
20240901T,73.67,1.11,0.05,0,25.16
