20210901T,61.55,0.10,0.00,0,38.35
20211201T,61.55,0.25,0.00,0,38.20
20220301T,61.55,0.03,0.00,0,38.42
20220601T,61.55,0.01,0.00,0,38.43
20220901T,61.55,0.39,0.00,0,38.06
20221201T,58.73,0.63,0.00,0,40.64
20230301T,58.73,0.07,0.04,0,41.17
20230601T,58.73,0.05,0.00,0,41.22
20230901T,58.73,0.11,0.00,0,41.16
20231201T,56.45,1.24,1.18,0,41.12
20240301T,54.44,5.20,1.85,0,38.51
20240601T,55.78,3.93,1.81,0,38.47
