20210901T,67.50,1.53,0.39,0,30.57
20211201T,67.50,1.93,0.39,0,30.18
20220301T,67.50,1.90,0.16,0,30.43
20220601T,67.50,2.01,0.36,0,30.12
20220901T,67.50,2.53,0.47,0,29.49
20221201T,67.50,3.01,0.75,0,28.73
20230301T,67.50,3.39,1.06,0,28.05
20230601T,67.68,3.64,1.11,0,27.57
20230901T,63.26,4.66,1.52,0,30.56
20231201T,63.26,5.41,2.09,0,29.23
20240301T,63.26,5.54,2.08,0,29.12
20240601T,63.26,7.50,1.96,0,27.27
