20210901T,44.01,22.04,21.52,0,12.43
20211201T,44.01,22.29,21.37,0,12.33
20220301T,44.01,22.78,21.34,0,11.87
20220601T,44.01,21.48,20.50,0,14.02
20220901T,44.01,21.87,22.11,0,12.00
20221201T,44.01,22.36,21.54,0,12.10
20230301T,44.01,21.90,22.13,0,11.98
20230601T,44.01,21.02,22.66,0,12.32
20230901T,44.01,20.12,21.23,0,14.65
20231201T,44.01,19.81,20.01,0,16.19
20240301T,44.01,18.31,17.38,0,20.31
20240601T,44.01,18.53,17.04,0,20.42
