20210901T,65.34,11.69,5.67,0,17.30
20211201T,65.34,6.33,7.48,0,20.85
20220301T,65.34,5.10,9.09,0,20.47
20220601T,65.34,5.30,9.50,0,19.86
20220901T,65.34,4.61,8.70,0,21.34
20221201T,65.34,4.93,8.42,0,21.30
20230301T,65.34,4.02,8.61,0,22.02
20230601T,65.34,4.05,8.51,0,22.09
20230901T,65.34,4.39,9.48,0,20.79
20231201T,65.34,4.27,10.63,0,19.77
20240301T,65.34,4.56,12.17,0,17.93
20240601T,65.34,4.39,11.39,0,18.88
