20211201T,48.06,0.00,4.96,0,46.98
20220301T,34.53,0.49,4.19,0,60.79
20220601T,34.53,1.06,4.17,0,60.24
20220901T,34.53,0.98,4.17,0,60.33
20221201T,32.53,0.20,3.97,0,63.30
20230301T,32.53,0.01,3.58,0,63.88
20230601T,32.48,0.00,3.58,0,63.95
20230901T,32.48,0.82,2.74,0,63.96
20231201T,29.42,1.29,2.73,0,66.55
20240301T,29.42,0.48,2.73,0,67.36
20240601T,29.42,0.51,2.73,0,67.33
20240901T,26.89,0.59,1.63,0,70.88
