20210901T,53.10,2.94,22.73,0,21.24
20211201T,53.10,3.73,22.86,0,20.31
20220301T,53.10,5.84,21.24,0,19.82
20220601T,53.10,6.27,21.45,0,19.18
20220901T,53.09,6.39,21.19,0,19.33
20221201T,53.09,4.56,21.30,0,21.03
20230301T,53.09,4.43,21.18,0,21.30
20230601T,53.09,4.30,21.60,0,21.00
20230901T,53.12,4.41,22.83,0,19.57
20231201T,53.12,3.22,24.53,0,19.06
20240301T,53.12,2.99,25.81,0,18.00
20240601T,53.12,2.12,26.76,0,17.98
