20211201T,58.08,6.10,16.03,0,19.79
20220301T,58.08,7.05,15.69,0,19.18
20220601T,58.08,7.44,15.48,0,19.00
20220901T,58.08,7.52,15.58,0,18.82
20221201T,58.04,8.41,14.89,0,18.66
20230301T,58.04,8.28,15.32,0,18.37
20230601T,58.04,8.34,15.38,0,18.24
20230901T,58.04,8.40,15.31,0,18.25
20231201T,58.04,8.42,15.45,0,18.09
20240301T,58.04,8.31,15.90,0,17.76
20240601T,58.04,8.63,16.14,0,17.19
20240901T,58.03,8.26,16.70,0,17.01
