20210901T,72.00,0.16,0.00,0,27.84
20211201T,72.00,0.04,0.00,0,27.96
20220301T,72.00,0.12,0.00,0,27.88
20220601T,72.00,0.00,0.00,0,28.00
20220901T,72.00,0.00,0.06,0,27.93
20221201T,72.00,0.00,0.16,0,27.83
20230301T,71.72,0.07,0.00,0,28.21
20230601T,71.72,0.00,0.00,0,28.28
20230901T,71.72,0.00,0.02,0,28.27
20231201T,71.72,0.08,0.00,0,28.20
20240301T,72.16,0.26,0.00,0,27.58
20240601T,72.29,0.67,0.00,0,27.05
