20211201T,41.75,0.00,0,0,58.25
20220301T,41.58,0.03,0,0,58.39
20220601T,41.49,0.01,0,0,58.50
20220901T,41.51,0.12,0,0,58.37
20221201T,41.26,0.01,0,0,58.71
20230301T,40.61,0.13,0,0,59.24
20230601T,40.51,0.00,0,0,59.50
20230901T,40.41,0.00,0,0,59.58
20231201T,40.36,0.00,0,0,59.64
20240301T,40.36,0.00,0,0,59.64
20240601T,40.30,0.00,0,0,59.69
20240801T,40.30,0.03,0,0,59.66
