20210901T,60.72,0.10,3.20,0,35.98
20211201T,60.72,0.11,3.24,0,35.93
20220301T,60.72,0.10,3.26,0,35.92
20220601T,60.72,0.07,3.22,0,36.00
20220901T,60.73,0.12,2.03,0,37.13
20221201T,60.73,0.08,2.39,0,36.80
20230301T,60.73,0.18,2.19,0,36.91
20230601T,60.73,0.12,2.35,0,36.81
20230901T,60.73,0.14,3.49,0,35.65
20231201T,60.73,0.12,3.77,0,35.38
20240301T,60.73,0.31,4.21,0,34.75
20240601T,60.73,0.52,4.76,0,34.00
