20210901T,75.00,10.16,0.52,0,14.32
20211201T,75.00,9.93,0.37,0,14.70
20220301T,75.00,10.33,0.36,0,14.31
20220601T,75.00,10.51,0.02,0,14.47
20220901T,75.00,10.46,0.03,0,14.50
20221201T,75.00,9.37,0.03,0,15.60
20230301T,75.00,8.60,0.03,0,16.36
20230601T,75.00,8.56,0.03,0,16.40
20230901T,75.00,8.67,0.03,0,16.31
20231201T,75.00,8.66,0.03,0,16.31
20240301T,75.00,8.66,0.03,0,16.32
20240601T,75.00,8.64,0.02,0,16.34
