20210901T,75.48,1.52,2.13,0,20.87
20211201T,75.48,1.69,1.19,0,21.64
20220301T,75.48,1.51,1.12,0,21.89
20220601T,75.00,1.38,1.13,0,22.49
20220901T,75.00,0.06,1.16,0,23.76
20221201T,75.00,0.16,1.16,0,23.67
20230301T,75.00,0.72,1.16,0,23.12
20230601T,75.00,0.70,1.16,0,23.12
20230901T,75.00,0.72,1.63,0,22.64
20231201T,72.51,0.47,1.72,0,25.29
20240301T,72.51,0.12,2.20,0,25.17
20240601T,72.51,0.23,2.38,0,24.89
