20210901T,56.36,0.00,0,0,43.14
20211201T,56.33,0.00,0,0,43.17
20220301T,56.34,0.00,0,0,43.16
20220601T,56.34,0.00,0,0,43.16
20220901T,55.70,0.00,0,0,44.29
20221201T,55.70,0.00,0,0,44.31
20230301T,55.70,0.00,0,0,44.30
20230601T,55.70,0.00,0,0,44.31
20230901T,55.70,0.00,0,0,44.30
20231201T,54.86,0.00,0,0,45.14
20240301T,54.79,0.09,0,0,45.11
20240601T,54.64,0.01,0,0,45.34
