20211201T,71.82,6.19,5.04,0,16.65
20220301T,71.82,5.18,5.80,0,16.90
20220601T,72.02,3.66,7.00,0,17.02
20220901T,72.02,3.64,6.98,0,17.07
20221201T,72.02,3.41,7.03,0,17.24
20230301T,72.02,3.57,7.02,0,17.10
20230601T,72.00,3.69,6.40,0,17.58
20230901T,71.94,4.42,5.77,0,17.56
20231201T,71.94,4.98,4.03,0,18.78
20240301T,71.80,7.08,5.02,0,15.80
20240601T,71.76,5.65,5.87,0,16.42
20240901T,67.22,7.07,9.55,0,15.86
