20210901T,75.15,2.29,5.40,0,17.16
20211201T,75.15,3.15,18.25,0,3.45
20220301T,75.15,4.37,17.00,0,3.48
20220601T,75.15,5.56,15.71,0,3.58
20220901T,75.15,6.85,13.48,0,4.53
20221201T,75.15,7.14,12.72,0,4.98
20230301T,71.65,9.07,13.93,0,5.34
20230601T,71.64,11.90,10.64,0,5.81
20230901T,71.64,12.63,9.72,0,6.02
20231201T,71.64,12.93,9.13,0,6.28
20240301T,71.64,12.42,9.58,0,6.36
20240601T,71.64,11.68,8.81,0,7.86
