20210301T,74.85,0.00,0,0,25.15
20210901T,74.85,0.00,0,0,25.15
20220301T,74.85,0.00,0,0,25.15
20220601T,74.85,0.00,0,0,25.15
20220901T,74.85,1.27,0,0,23.88
20221201T,74.85,1.43,0,0,23.71
20230301T,43.77,0.53,0,0,55.71
20230601T,43.77,0.83,0,0,55.40
20230901T,43.77,0.46,0,0,55.78
20231201T,43.77,0.46,0,0,55.75
20240301T,43.77,0.46,0,0,55.76
20240601T,43.77,0.46,0,0,55.77
