20210901T,54.12,0.20,0.05,0,45.63
20211201T,54.12,0.47,0.05,0,45.36
20220301T,54.12,0.41,0.05,0,45.42
20220601T,54.12,0.14,0.04,0,45.70
20220901T,54.12,0.29,0.05,0,45.55
20221201T,54.12,0.11,0.05,0,45.72
20230301T,54.12,0.11,0.05,0,45.73
20230601T,54.12,0.11,0.05,0,45.73
20230901T,54.12,0.09,0.05,0,45.75
20231201T,54.12,0.10,0.05,0,45.72
20240301T,54.12,0.11,0.05,0,45.72
20240601T,54.12,0.01,0.05,0,45.83
