20210901T,74.12,4.36,6.85,0,14.67
20211201T,74.12,4.33,6.80,0,14.76
20220301T,74.26,4.25,6.67,0,14.81
20220601T,74.26,4.23,6.62,0,14.89
20220901T,73.00,4.17,8.15,0,14.68
20221201T,73.00,4.18,8.25,0,14.57
20230301T,73.11,4.06,8.40,0,14.43
20230601T,73.11,4.07,8.54,0,14.28
20230901T,73.11,3.04,9.54,0,14.32
20231201T,73.11,2.90,9.70,0,14.28
20240301T,73.15,2.86,9.81,0,14.18
20240601T,73.17,2.82,9.82,0,14.20
