20210901T,34.71,11.43,16.44,0,37.41
20211201T,34.71,11.63,13.44,0,40.22
20220301T,34.71,12.15,13.44,0,39.70
20220601T,32.56,11.83,13.36,0,42.24
20220901T,25.96,12.08,13.36,0,48.59
20221201T,18.59,12.13,13.11,0,56.16
20230301T,18.59,12.29,12.45,0,56.66
20230601T,18.59,5.64,11.76,0,63.99
20230901T,18.59,5.58,9.52,0,66.30
20231201T,18.59,7.84,9.38,0,64.18
20240301T,18.59,9.19,8.19,0,64.02
20240601T,18.59,9.63,6.55,0,65.23
