20210901T,68.40,7.24,8.16,0,16.19
20211201T,71.44,7.03,6.59,0,14.94
20220301T,71.43,6.99,5.86,0,15.73
20220601T,71.42,7.22,4.55,0,16.81
20220901T,71.39,7.27,4.02,0,17.32
20221201T,71.39,7.18,4.41,0,17.04
20230301T,71.37,6.37,5.53,0,16.71
20230601T,71.35,6.47,6.58,0,15.59
20230901T,71.30,6.29,7.94,0,14.49
20231201T,71.29,6.37,8.46,0,13.89
20240301T,71.28,6.74,8.52,0,13.45
20240601T,71.26,3.95,10.89,0,13.90
