20210901T,60.33,22.30,12.47,0,4.88
20211201T,60.33,20.43,13.74,0,5.28
20220301T,60.72,18.97,14.68,0,5.38
20220601T,60.72,17.91,15.54,0,5.59
20220901T,60.72,17.17,16.52,0,5.34
20221201T,60.72,18.29,15.85,0,4.89
20230301T,60.82,18.92,15.28,0,4.74
20230601T,60.82,18.98,15.33,0,4.63
20230901T,60.82,18.80,15.62,0,4.54
20231201T,60.82,19.42,15.12,0,4.40
20240301T,60.82,19.65,14.95,0,4.35
20240601T,60.82,18.45,15.77,0,4.65
