20211201T,25.80,37.47,22.97,0,13.60
20220301T,25.78,35.62,24.55,0,13.89
20220601T,25.73,32.31,27.11,0,14.69
20220901T,25.64,32.14,27.53,0,14.51
20221201T,25.60,32.10,28.13,0,13.99
20230301T,25.59,32.24,28.09,0,13.91
20230601T,25.52,33.38,26.75,0,14.19
20230901T,0.00,52.13,30.39,0,17.30
20231201T,0.00,52.31,30.54,0,16.98
20240301T,0.00,47.83,33.33,0,18.64
20240601T,0.00,47.17,35.20,0,17.44
20240901T,0.00,48.02,35.05,0,16.75
