20211201T,55.13,13.38,7.49,0,23.99
20220301T,55.13,8.90,8.19,0,27.77
20220601T,55.13,6.81,8.44,0,29.61
20220901T,55.12,5.68,8.51,0,30.67
20221201T,55.12,4.98,6.67,0,33.22
20230301T,55.77,6.25,6.26,0,31.71
20230601T,55.77,6.73,7.42,0,30.07
20230901T,55.77,6.81,7.21,0,30.21
20231201T,55.77,6.85,8.85,0,28.51
20240301T,55.77,6.86,10.38,0,26.98
20240601T,55.77,6.06,13.08,0,25.08
20240901T,55.78,6.92,12.81,0,24.48
