20210901T,69.39,5.81,10.94,0,13.72
20211201T,69.39,5.47,10.91,0,14.09
20220301T,69.39,5.45,10.65,0,14.36
20220601T,69.39,6.40,10.04,0,14.03
20220901T,69.39,5.16,9.72,0,15.59
20221201T,69.39,4.81,10.12,0,15.53
20230301T,69.39,4.76,10.32,0,15.38
20230601T,69.39,4.73,9.04,0,16.70
20230901T,69.39,3.91,8.97,0,17.58
20231201T,69.39,4.33,10.01,0,16.12
20240301T,69.39,4.48,10.82,0,15.16
20240601T,69.39,4.42,10.81,0,15.25
