20211201T,51.12,4.06,0.70,0,44.12
20220301T,51.12,1.65,0.70,0,46.53
20220601T,51.12,1.37,0.34,0,47.17
20220901T,51.12,1.29,0.34,0,47.24
20221201T,51.12,1.30,0.32,0,47.25
20230301T,51.12,1.32,0.32,0,47.25
20230601T,51.12,1.12,0.32,0,47.46
20230901T,51.12,0.62,0.35,0,47.91
20231201T,51.12,0.72,0.35,0,47.79
20240301T,51.12,1.14,0.33,0,47.41
20240601T,51.12,1.14,0.33,0,47.41
20240901T,51.12,1.21,0.33,0,47.35
