20210901T,41.89,3.96,0.63,0,53.30
20211201T,39.23,7.19,1.44,0,51.97
20220301T,39.23,6.66,1.87,0,52.11
20220601T,39.20,6.81,2.03,0,51.78
20220901T,39.20,6.72,2.58,0,51.36
20221201T,39.24,6.52,2.64,0,51.49
20230301T,39.24,6.77,2.78,0,51.12
20230601T,39.24,7.53,2.95,0,50.19
20230901T,37.84,8.35,4.64,0,49.09
20231201T,37.84,8.18,4.55,0,49.37
20240301T,37.69,7.66,5.68,0,48.91
20240601T,37.63,7.02,7.39,0,47.91
