20210901T,67.19,6.82,0.21,0,25.78
20211201T,67.13,7.00,0.43,0,25.43
20220301T,67.13,6.08,0.11,0,26.67
20220601T,67.13,8.10,0.09,0,24.67
20220901T,67.13,15.44,0.07,0,17.36
20221201T,66.59,13.40,0.28,0,19.73
20230301T,66.59,12.40,0.29,0,20.72
20230601T,67.72,12.51,0.28,0,19.51
20230901T,67.72,12.41,0.28,0,19.60
20231201T,67.72,12.39,0.27,0,19.63
20240301T,67.72,12.49,0.23,0,19.56
20240601T,67.99,12.51,0.23,0,19.27
