20210901T,68.77,6.36,0.59,0,24.28
20211201T,68.77,6.91,0.39,0,23.93
20220301T,68.77,6.92,0.89,0,23.42
20220601T,68.77,3.91,0.89,0,26.43
20220901T,68.77,4.27,1.37,0,25.58
20221201T,68.82,4.40,1.57,0,25.20
20230301T,68.85,4.56,2.18,0,24.40
20230601T,68.85,4.57,2.78,0,23.79
20230901T,68.85,4.81,3.11,0,23.22
20231201T,68.85,6.14,3.15,0,21.85
20240301T,68.85,6.55,3.53,0,21.06
20240601T,68.85,6.66,3.17,0,21.32
