20211201T,49.35,0.00,0,0,50.65
20220301T,47.30,0.00,0,0,52.70
20220601T,47.33,0.00,0,0,52.67
20220901T,39.26,0.00,0,0,60.74
20221201T,28.07,0.04,0,0,71.90
20230301T,28.00,0.00,0,0,72.00
20230601T,27.67,0.39,0,0,71.94
20230901T,27.67,0.33,0,0,72.01
20231201T,27.67,0.27,0,0,72.07
20240301T,27.67,0.29,0,0,72.06
20240601T,27.67,0.00,0,0,72.34
20240901T,27.19,0.38,0,0,72.42
