20211201T,51.32,3.63,5.92,0,39.13
20220301T,51.32,3.31,5.83,0,39.54
20220601T,51.32,3.02,6.34,0,39.32
20220901T,51.32,3.18,6.50,0,39.01
20221201T,51.32,4.36,7.27,0,37.06
20230301T,51.32,4.96,8.27,0,35.45
20230601T,51.32,5.03,9.02,0,34.63
20230901T,51.32,7.15,9.16,0,32.36
20231201T,51.32,7.59,9.82,0,31.27
20240301T,51.32,7.49,7.34,0,33.85
20240601T,51.32,6.05,7.09,0,35.54
20240901T,51.32,5.65,6.96,0,36.08
