20210901T,61.90,15.45,10.48,0,12.17
20211201T,61.90,14.71,10.85,0,12.53
20220301T,61.90,13.66,11.61,0,12.83
20220601T,61.90,13.30,12.20,0,12.60
20220901T,61.90,14.05,11.72,0,12.32
20221201T,61.90,14.32,11.50,0,12.23
20230301T,61.90,14.36,11.51,0,12.17
20230601T,61.90,14.48,11.47,0,12.09
20230901T,61.90,13.90,11.90,0,12.26
20231201T,61.90,13.65,12.31,0,12.11
20240301T,61.90,12.67,13.21,0,12.19
20240601T,61.90,11.87,14.09,0,12.11
