20210901T,54.90,18.29,15.93,0,10.88
20211201T,54.90,20.19,15.12,0,9.78
20220301T,54.90,19.90,15.09,0,10.11
20220601T,54.90,18.21,16.41,0,10.47
20220901T,54.90,16.74,17.98,0,10.37
20221201T,54.90,15.65,19.63,0,9.81
20230301T,54.90,14.36,21.40,0,9.33
20230601T,54.90,13.99,22.33,0,8.77
20230901T,54.90,13.26,22.60,0,9.23
20231201T,54.90,14.26,21.27,0,9.56
20240301T,54.90,13.80,22.18,0,9.10
20240601T,54.90,13.22,21.47,0,10.39
