20210901T,0,0.99,4.12,0,94.88
20211201T,0,0.96,4.08,0,94.96
20220301T,0,0.93,3.61,0,95.44
20220601T,0,0.77,3.13,0,96.08
20220901T,0,0.78,2.87,0,96.33
20221201T,0,0.62,2.73,0,96.64
20230301T,0,0.62,2.81,0,96.54
20230601T,0,0.74,1.45,0,97.77
20230901T,0,0.97,4.00,0,95.03
20231201T,0,1.25,0.61,0,98.14
20240301T,0,1.31,0.66,0,98.01
20240601T,0,1.80,0.52,0,97.67
