20211201T,59.19,0.01,0.00,0,40.81
20220301T,59.31,0.01,0.00,0,40.69
20220601T,59.32,0.01,0.16,0,40.51
20220901T,59.32,0.01,0.16,0,40.51
20221201T,59.32,0.57,0.00,0,40.12
20230301T,56.87,1.06,5.08,0,36.97
20230601T,55.58,0.81,4.97,0,38.65
20230901T,55.27,0.34,4.82,0,39.57
20231201T,55.63,0.08,7.45,0,36.84
20240301T,53.19,0.38,11.44,0,34.97
20240601T,53.95,1.82,11.35,0,32.88
20240701T,50.77,8.72,10.21,0,30.30
