20210901T,56.00,0.00,0.01,0,43.99
20211201T,56.22,0.02,0.00,0,43.76
20220301T,56.22,0.00,0.01,0,43.78
20220601T,56.22,0.00,0.01,0,43.78
20220901T,56.22,0.00,0.00,0,43.76
20221201T,56.22,0.00,0.00,0,43.77
20230301T,56.22,0.00,0.00,0,43.77
20230601T,56.26,0.00,0.00,0,43.72
20230901T,56.26,0.02,0.00,0,43.69
20231201T,56.26,0.00,0.00,0,43.73
20240301T,56.23,0.06,0.00,0,43.70
20240601T,56.23,0.01,0.00,0,43.75
