20210901T,71.32,3.67,0.86,0,24.14
20211201T,70.32,5.03,0.85,0,23.80
20220301T,70.32,5.02,0.85,0,23.81
20220601T,70.32,4.73,0.87,0,24.09
20220901T,70.32,4.32,0.74,0,24.61
20221201T,70.32,4.30,0.71,0,24.66
20230301T,70.32,4.31,0.71,0,24.65
20230601T,70.32,4.30,0.53,0,24.85
20230901T,66.69,4.25,3.93,0,25.13
20231201T,66.69,4.24,3.95,0,25.12
20240301T,66.69,4.29,3.77,0,25.25
20240601T,66.69,4.26,3.57,0,25.45
