20210901T,49.57,0.00,0.18,0,50.25
20211201T,49.57,0.00,2.17,0,48.26
20220301T,49.57,0.00,2.17,0,48.26
20220601T,49.57,0.00,2.17,0,48.26
20220901T,49.57,0.00,2.17,0,48.27
20221201T,49.57,0.05,1.84,0,48.53
20230301T,49.58,0.01,1.55,0,48.87
20230601T,49.58,0.03,1.55,0,48.84
20230901T,49.58,0.00,1.55,0,48.86
20231201T,49.58,0.00,1.55,0,48.87
20240301T,47.03,0.23,1.55,0,51.19
20240601T,45.36,0.09,1.55,0,53.00
