20210901T,33.65,12.68,40.62,0,13.04
20211201T,33.62,12.07,40.42,0,13.88
20220301T,33.60,10.90,40.48,0,15.00
20220601T,33.58,9.49,41.18,0,15.74
20220901T,33.56,10.31,6.42,0,49.72
20221201T,33.53,9.37,6.51,0,50.58
20230301T,33.46,15.69,8.41,0,42.44
20230601T,30.21,17.56,10.00,0,42.24
20230901T,30.19,17.02,9.96,0,42.83
20231201T,23.60,24.83,11.72,0,39.84
20240301T,23.56,25.09,11.84,0,39.50
20240601T,23.45,24.73,11.96,0,39.85
