20210901T,75.00,2.49,12.42,0,10.08
20211201T,75.00,2.56,12.38,0,10.05
20220301T,75.00,2.76,12.38,0,9.86
20220601T,75.00,2.87,12.47,0,9.66
20220901T,75.00,2.88,12.45,0,9.66
20221201T,75.00,3.01,12.48,0,9.49
20230301T,75.00,2.86,12.40,0,9.73
20230601T,75.00,2.94,12.44,0,9.62
20230901T,75.00,3.15,12.23,0,9.63
20231201T,75.00,2.91,11.91,0,10.16
20240301T,75.00,2.76,12.20,0,10.03
20240601T,75.00,2.72,12.40,0,9.87
