20211201T,71.35,11.79,0.00,0,16.87
20220301T,71.35,5.43,0.00,0,23.22
20220601T,71.35,5.01,0.00,0,23.64
20220901T,71.35,4.08,0.57,0,23.99
20221201T,71.35,0.50,0.57,0,27.58
20230301T,71.35,0.01,0.57,0,28.06
20230601T,71.35,0.10,2.09,0,26.47
20230901T,71.35,2.81,3.72,0,22.12
20231201T,71.35,0.71,3.72,0,24.22
20240301T,71.35,0.25,3.72,0,24.68
20240601T,71.35,0.08,3.72,0,24.86
20240901T,71.35,0.10,3.28,0,25.28
