20210901T,81.81,0.21,8.67,0,9.32
20211201T,81.81,0.17,8.26,0,9.76
20220301T,81.81,0.21,7.96,0,10.02
20220601T,81.81,0.22,7.81,0,10.17
20220901T,81.81,0.24,7.60,0,10.34
20221201T,81.81,0.12,7.30,0,10.77
20230301T,81.81,0.30,7.29,0,10.61
20230601T,81.81,0.32,7.17,0,10.69
20230901T,81.81,0.65,7.15,0,10.41
20231201T,75.17,1.20,11.80,0,11.83
20240301T,75.00,1.91,11.39,0,11.70
20240601T,75.00,2.70,11.64,0,10.66
