20210901T,67.73,4.28,1.07,0,26.92
20211201T,67.73,4.30,0.90,0,27.07
20220301T,67.73,4.23,0.43,0,27.60
20220601T,67.73,3.85,0.44,0,27.98
20220901T,67.73,1.30,0.50,0,30.46
20221201T,67.73,1.03,0.50,0,30.72
20230301T,67.73,1.12,0.50,0,30.64
20230601T,67.73,1.52,1.53,0,29.22
20230901T,67.73,1.43,1.25,0,29.58
20231201T,67.73,0.89,1.32,0,30.06
20240301T,67.73,1.21,1.30,0,29.76
20240601T,67.73,1.39,1.04,0,29.83
