20210901T,52.21,0,5.25,0,42.54
20211201T,52.28,0,5.25,0,42.46
20220301T,52.28,0,5.25,0,42.46
20220601T,52.28,0,5.24,0,42.48
20220901T,51.84,0,5.24,0,42.92
20221201T,51.67,0,5.07,0,43.26
20230301T,51.67,0,4.89,0,43.44
20230601T,51.67,0,4.89,0,43.45
20230901T,51.40,0,4.87,0,43.74
20231201T,51.40,0,4.87,0,43.74
20240301T,51.40,0,4.87,0,43.74
20240601T,51.40,0,4.87,0,43.73
