20210901T,73.42,17.17,4.14,0,5.27
20211201T,73.41,16.92,4.26,0,5.40
20220301T,73.41,16.35,4.74,0,5.50
20220601T,73.40,16.13,5.09,0,5.38
20220901T,73.34,16.63,5.02,0,4.99
20221201T,73.34,15.41,5.93,0,5.31
20230301T,73.34,15.20,6.14,0,5.30
20230601T,73.33,15.43,6.32,0,4.92
20230901T,73.30,15.51,6.37,0,4.81
20231201T,73.27,14.73,6.92,0,5.06
20240301T,73.24,13.35,8.54,0,4.85
20240601T,73.17,13.23,8.82,0,4.75
