20210901T,0,47.31,42.49,0,9.95
20211201T,0,45.30,43.75,0,10.70
20220301T,0,43.95,44.58,0,11.23
20220601T,0,43.54,45.33,0,10.89
20220901T,0,44.77,44.55,0,10.44
20221201T,0,45.11,44.18,0,10.46
20230301T,0,44.16,45.11,0,10.48
20230601T,0,44.53,45.00,0,10.22
20230901T,0,44.39,45.27,0,10.09
20231201T,0,43.65,46.00,0,10.09
20240301T,0,44.77,45.10,0,9.84
20240601T,0,45.48,44.45,0,9.79
