20210901T,58.94,9.76,0.06,0,31.24
20211201T,58.94,9.68,0.04,0,31.34
20220301T,58.94,9.44,0.06,0,31.56
20220601T,58.94,9.28,0.09,0,31.69
20220901T,58.94,9.28,0.09,0,31.70
20221201T,58.74,9.30,0.02,0,31.94
20230301T,58.74,9.28,0.04,0,31.93
20230601T,58.74,9.14,0.02,0,32.10
20230901T,58.74,10.24,0.12,0,30.88
20231201T,58.74,10.66,0.79,0,29.80
20240301T,58.74,10.74,1.06,0,29.45
20240601T,58.74,10.69,2.16,0,28.40
