20210901T,0,37.74,23.13,0,38.81
20211201T,0,31.01,17.66,0,51.02
20220301T,0,27.07,19.48,0,53.15
20220601T,0,20.77,21.65,0,57.29
20220901T,0,15.79,22.39,0,61.54
20221201T,0,15.49,21.73,0,62.49
20230301T,0,17.88,21.53,0,60.32
20230601T,0,17.28,21.11,0,61.33
20230901T,0,14.12,22.61,0,62.98
20231201T,0,13.37,26.34,0,60.01
20240301T,0,10.89,27.24,0,61.57
20240601T,0,11.66,31.24,0,56.82
