20210901T,65.00,0.22,1.12,0,33.66
20211201T,65.00,0.38,1.12,0,33.50
20220301T,65.00,0.39,1.12,0,33.49
20220601T,65.00,0.38,1.11,0,33.50
20220901T,65.00,0.29,1.12,0,33.58
20221201T,65.00,0.22,1.12,0,33.67
20230301T,65.00,0.19,1.12,0,33.70
20230601T,65.00,0.20,1.12,0,33.69
20230901T,65.00,0.21,1.12,0,33.66
20231201T,65.00,0.24,1.12,0,33.63
20240301T,65.00,0.16,1.12,0,33.72
20240601T,65.00,0.16,1.12,0,33.72
