20210901T,74.96,7.70,2.09,0,15.25
20211201T,74.96,7.43,3.32,0,14.29
20220301T,74.96,6.99,4.03,0,14.01
20220601T,74.96,0.61,4.14,0,20.29
20220901T,74.96,0.62,3.96,0,20.46
20221201T,74.96,0.64,4.23,0,20.16
20230301T,74.96,0.63,4.18,0,20.22
20230601T,74.96,1.84,4.18,0,19.02
20230901T,74.96,0.65,4.43,0,19.96
20231201T,74.96,0.70,3.57,0,20.77
20240301T,74.96,0.75,6.59,0,17.71
20240601T,74.96,0.83,6.74,0,17.46
