20211201T,72.43,0.04,11.05,0,16.48
20220301T,72.43,0.02,10.60,0,16.95
20220601T,72.43,0.00,10.60,0,16.96
20220901T,72.44,0.04,10.46,0,17.07
20221201T,72.44,0.02,10.45,0,17.08
20230301T,72.44,0.00,10.45,0,17.12
20230601T,72.44,0.04,10.46,0,17.07
20230901T,72.44,0.03,11.82,0,15.69
20231201T,72.44,0.37,11.70,0,15.49
20240301T,72.44,0.27,13.52,0,13.75
20240601T,72.44,0.18,13.77,0,13.61
20240901T,72.44,0.18,14.00,0,13.38
