20210901T,68.74,2.98,1.98,0,26.30
20211201T,68.74,3.02,1.87,0,26.38
20220301T,68.74,3.22,1.86,0,26.18
20220601T,68.74,3.44,1.97,0,25.86
20220901T,68.73,3.45,2.05,0,25.75
20221201T,68.73,3.56,2.03,0,25.69
20230301T,68.73,3.71,1.95,0,25.61
20230601T,68.73,3.81,1.69,0,25.78
20230901T,68.73,3.74,1.80,0,25.74
20231201T,68.74,3.42,1.79,0,26.05
20240301T,68.74,3.00,1.79,0,26.47
20240601T,68.74,2.50,2.16,0,26.61
