20211201T,24.93,21.12,0.79,0,53.16
20220301T,24.91,20.66,1.04,0,53.39
20220601T,24.90,23.05,2.71,0,49.34
20220901T,24.89,25.57,3.41,0,46.12
20221201T,24.88,27.79,3.90,0,43.43
20230301T,24.85,28.09,4.04,0,43.01
20230601T,24.84,28.63,5.54,0,40.98
20230901T,24.81,28.31,7.30,0,39.59
20231201T,24.80,31.27,8.27,0,35.67
20240301T,24.78,29.14,8.59,0,37.47
20240601T,24.92,30.31,7.43,0,37.35
20240901T,24.91,29.64,6.24,0,39.20
