20210901T,57.97,3.89,7.45,0,30.46
20211201T,57.97,3.89,7.35,0,30.56
20220301T,57.97,3.89,7.35,0,30.56
20220601T,57.97,3.89,7.23,0,30.67
20220901T,57.97,3.89,7.24,0,30.61
20221201T,57.97,3.89,5.82,0,32.03
20230301T,57.97,3.89,3.75,0,34.09
20230601T,57.97,5.13,2.22,0,34.38
20230901T,57.97,3.72,1.90,0,36.10
20231201T,57.97,3.72,1.70,0,36.30
20240301T,48.10,16.86,1.41,0,33.38
20240601T,48.10,15.56,1.41,0,34.69
