20210901T,31.08,3.08,0.00,0,65.84
20211201T,31.08,3.08,0.00,0,65.84
20220301T,30.95,3.32,0.00,0,65.73
20220601T,72.93,0.66,11.37,0,15.04
20220901T,72.79,0.09,11.35,0,15.76
20221201T,72.66,0.01,11.33,0,16.00
20230301T,65.95,0.05,11.32,0,22.67
20230601T,70.86,0.04,8.81,0,20.28
20230901T,70.85,0.05,6.99,0,22.12
20231201T,70.85,0.08,4.53,0,24.52
20240301T,70.85,0.57,2.86,0,25.71
20240601T,74.09,0.56,2.49,0,22.84
