20211201T,58.69,1.09,0.00,0,40.22
20220301T,58.69,1.07,0.01,0,40.24
20220601T,58.69,1.30,0.01,0,40.00
20220901T,58.69,1.32,0.01,0,39.98
20221201T,58.69,1.25,0.01,0,40.04
20230301T,58.69,1.40,0.01,0,39.89
20230601T,58.69,1.67,0.08,0,39.55
20230901T,58.69,2.47,0.09,0,38.74
20231201T,58.69,2.93,0.10,0,38.29
20240301T,58.69,2.88,0.10,0,38.34
20240601T,58.69,2.89,1.36,0,37.06
20240901T,58.69,3.10,0.92,0,37.30
