20210901T,40.75,13.48,26.93,0,18.70
20211201T,41.05,15.19,25.16,0,18.47
20220301T,38.19,16.03,28.51,0,17.14
20220601T,38.19,15.07,29.56,0,17.05
20220901T,38.19,16.25,29.19,0,16.22
20221201T,38.19,19.00,26.55,0,16.12
20230301T,38.19,18.24,27.47,0,15.97
20230601T,38.19,21.64,24.05,0,15.98
20230901T,38.19,22.17,23.13,0,16.38
20231201T,38.12,23.28,22.19,0,16.27
20240301T,38.12,24.47,20.65,0,16.63
20240601T,38.12,27.19,18.29,0,16.26
