20210901T,69.92,0.31,2.05,0,27.72
20211201T,69.92,0.29,2.05,0,27.74
20220301T,69.92,0.30,2.05,0,27.73
20220601T,69.92,0.28,2.05,0,27.75
20220901T,69.93,0.34,2.00,0,27.72
20221201T,69.93,0.19,1.74,0,28.15
20230301T,69.93,0.04,1.48,0,28.54
20230601T,72.34,0.03,0.91,0,26.70
20230901T,72.34,0.90,2.21,0,24.54
20231201T,72.34,0.68,2.21,0,24.76
20240301T,72.34,0.45,2.21,0,24.99
20240601T,72.34,0.92,2.21,0,24.52
