20210901T,28.42,13.22,6.30,0,52.07
20211201T,28.42,13.20,7.91,0,50.47
20220301T,28.42,13.29,8.84,0,49.46
20220601T,28.42,13.42,7.69,0,50.47
20220901T,28.42,13.86,9.50,0,48.24
20221201T,28.42,13.07,9.90,0,48.62
20230301T,28.42,13.15,9.38,0,49.04
20230601T,28.42,13.65,9.43,0,48.52
20230901T,28.42,13.43,10.04,0,48.12
20231201T,28.42,13.58,8.94,0,49.06
20240301T,28.42,13.27,8.47,0,49.83
20240601T,28.42,17.64,5.84,0,48.08
