20210901T,66.39,0.00,2.48,0,31.13
20211201T,66.39,0.01,2.31,0,31.29
20220301T,70.39,0.19,0.00,0,29.43
20220601T,70.39,0.13,0.00,0,29.49
20220901T,70.38,0.14,0.00,0,29.47
20221201T,70.38,0.11,0.00,0,29.51
20230301T,70.38,0.09,0.00,0,29.53
20230601T,70.37,0.08,0.00,0,29.54
20230901T,70.37,0.12,0.00,0,29.51
20231201T,70.37,0.15,0.00,0,29.49
20240301T,70.37,0.13,0.00,0,29.50
20240601T,70.37,0.14,0.00,0,29.49
