20210901T,75.00,0.00,4.79,0,20.09
20211201T,75.00,0.00,4.78,0,20.09
20220301T,75.00,0.00,3.31,0,21.56
20220601T,75.00,0.00,3.23,0,21.63
20220901T,75.00,0.20,3.07,0,21.71
20221201T,74.85,0.18,3.07,0,21.90
20230301T,74.85,0.19,3.07,0,21.89
20230601T,74.85,0.17,3.07,0,21.91
20230901T,74.85,0.17,3.07,0,21.92
20231201T,74.85,0.16,3.07,0,21.92
20240301T,74.84,0.03,2.89,0,22.24
20240601T,74.84,0.00,2.89,0,22.27
