20210901T,55.42,0.00,0.00,0,44.58
20211201T,55.42,0.04,0.00,0,44.54
20220301T,55.42,0.04,0.00,0,44.54
20220601T,54.19,0.06,0.00,0,45.76
20220901T,53.78,0.09,0.00,0,46.12
20221201T,53.78,0.11,0.00,0,46.10
20230301T,53.00,0.06,0.00,0,46.94
20230601T,52.07,0.22,0.00,0,47.71
20230901T,52.07,0.01,0.00,0,47.90
20231201T,52.07,0.03,0.00,0,47.89
20240301T,50.80,0.10,0.00,0,49.09
20240601T,50.79,0.00,0.06,0,49.15
