20210901T,69.33,0.00,0,0,30.67
20211201T,69.32,0.00,0,0,30.68
20220301T,69.33,0.00,0,0,30.67
20220601T,69.33,0.01,0,0,30.66
20220901T,69.03,0.06,0,0,30.90
20221201T,68.34,0.17,0,0,31.48
20230301T,67.39,0.06,0,0,32.56
20230601T,67.37,0.00,0,0,32.63
20230901T,66.87,0.00,0,0,33.13
20231201T,66.76,0.10,0,0,33.14
20240301T,66.76,0.05,0,0,33.20
20240601T,66.76,0.00,0,0,33.25
