20210901T,88.16,1.34,2.47,0,8.02
20211201T,89.21,1.17,2.33,0,7.29
20220301T,89.21,1.26,1.59,0,7.94
20220601T,89.21,1.20,1.55,0,8.04
20220901T,89.21,1.21,1.54,0,8.03
20221201T,89.21,1.18,1.54,0,8.08
20230301T,89.21,1.16,1.54,0,8.09
20230601T,75.00,1.29,1.74,0,21.97
20230901T,75.00,1.38,1.80,0,21.83
20231201T,75.00,1.33,1.84,0,21.83
20240301T,75.00,1.49,1.77,0,21.74
20240601T,73.60,2.12,1.78,0,22.51
