20210901T,51.00,0.03,0.02,0,48.96
20211201T,51.00,0.18,0.02,0,48.80
20220301T,51.00,0.14,0.02,0,48.84
20220601T,51.00,0.09,0.02,0,48.89
20220901T,51.00,0.15,0.02,0,48.83
20221201T,51.00,0.77,0.00,0,48.22
20230301T,51.00,0.27,0.00,0,48.72
20230601T,51.00,0.37,0.00,0,48.62
20230901T,51.00,0.81,6.71,0,41.49
20231201T,51.00,0.95,6.36,0,41.69
20240301T,51.00,1.08,4.91,0,43.01
20240601T,51.00,1.70,3.14,0,44.14
