20210901T,28.01,7.16,4.75,0,60.08
20211201T,28.35,7.32,3.65,0,60.68
20220301T,29.12,7.19,3.65,0,60.04
20220601T,29.12,6.70,3.62,0,60.56
20220901T,29.12,6.86,0.00,0,64.01
20221201T,29.12,6.89,0.00,0,63.99
20230301T,34.24,6.44,0.00,0,59.33
20230601T,34.24,6.07,0.00,0,59.70
20230901T,34.24,6.05,0.00,0,59.72
20231201T,34.24,6.39,0.00,0,59.38
20240301T,34.24,6.57,0.00,0,59.19
20240601T,34.24,6.00,0.00,0,59.77
