20210901T,16.54,51.44,18.97,0,13.05
20211201T,16.53,47.65,20.22,0,15.60
20220301T,16.52,46.33,21.85,0,15.30
20220601T,16.51,45.83,21.02,0,16.63
20220901T,16.51,46.97,22.24,0,13.93
20221201T,16.51,44.79,24.63,0,13.70
20230301T,16.50,42.16,26.54,0,14.45
20230601T,16.49,42.34,26.22,0,14.59
20230901T,16.47,41.48,28.17,0,13.50
20231201T,16.45,42.47,26.21,0,14.52
20240301T,16.40,40.25,28.09,0,14.90
20240601T,16.38,38.40,29.69,0,15.16
