20210901T,74.66,0.00,0.23,0,25.10
20211201T,74.55,0.00,0.30,0,25.15
20220301T,74.56,0.00,0.32,0,25.12
20220601T,74.32,0.00,0.33,0,25.35
20220901T,74.32,0.13,0.02,0,25.54
20221201T,74.32,0.00,0.02,0,25.66
20230301T,74.32,0.00,0.02,0,25.65
20230601T,74.19,0.05,0.02,0,25.74
20230901T,74.18,0.09,0.02,0,25.71
20231201T,74.18,0.09,0.01,0,25.71
20240301T,74.18,0.29,0.01,0,25.51
20240601T,73.98,0.29,0.01,0,25.72
