20190901T,73.17,0.00,0.00,0,26.83
20191201T,73.17,0.00,0.24,0,26.59
20200301T,73.17,0.00,0.15,0,26.69
20200901T,73.17,0.00,0.15,0,26.69
20210301T,73.17,0.00,0.15,0,26.68
20210901T,73.17,0.00,0.15,0,26.67
20220301T,73.17,0.00,0.10,0,26.73
20220901T,73.19,0.10,0.00,0,26.71
20230301T,73.19,0.06,0.00,0,26.75
20230901T,73.23,0.13,0.00,0,26.64
20240301T,73.23,0.14,0.00,0,26.63
20240901T,73.23,0.33,0.00,0,26.43
