20210901T,66.82,2.27,0.00,0,30.91
20211201T,67.55,2.38,0.00,0,30.06
20220301T,67.55,2.74,0.00,0,29.70
20220601T,72.24,2.20,0.00,0,25.56
20220901T,72.24,2.51,0.00,0,25.26
20221201T,72.24,2.20,0.00,0,25.56
20230301T,72.01,1.89,0.00,0,26.10
20230601T,72.01,2.57,0.09,0,25.33
20230901T,64.64,3.48,6.54,0,25.34
20231201T,52.87,9.49,9.88,0,27.76
20240301T,52.87,9.47,10.16,0,27.49
20240601T,48.27,13.37,9.75,0,28.62
