20210901T,30.96,26.83,2.33,0,39.88
20211201T,30.91,25.96,2.11,0,41.01
20220301T,30.86,25.42,2.60,0,41.11
20220601T,30.76,24.60,2.50,0,42.13
20220901T,30.67,24.49,2.17,0,42.68
20221201T,30.64,22.20,4.44,0,42.71
20230301T,30.60,22.31,4.45,0,42.64
20230601T,30.50,23.03,4.91,0,41.57
20230901T,30.42,24.39,3.90,0,41.29
20231201T,30.38,25.09,3.84,0,40.68
20240301T,30.35,27.85,3.79,0,38.01
20240601T,30.26,27.53,5.23,0,36.99
