20210901T,58.46,13.34,13.01,0,15.18
20211201T,34.02,48.15,5.70,0,12.12
20220301T,34.02,48.79,6.14,0,11.05
20220601T,34.20,48.65,6.50,0,10.64
20220901T,34.20,48.76,6.69,0,10.34
20221201T,34.20,48.58,6.71,0,10.50
20230301T,34.20,48.52,6.98,0,10.28
20230601T,34.21,48.37,6.98,0,10.43
20230901T,34.39,47.29,7.38,0,10.94
20231201T,34.39,47.16,7.85,0,10.59
20240301T,34.39,47.21,7.78,0,10.59
20240601T,30.42,44.47,7.65,0,17.46
