20210901T,73.18,2.30,0.80,0,23.71
20211201T,73.18,2.49,0.89,0,23.44
20220301T,73.18,2.23,1.00,0,23.58
20220601T,73.18,2.14,1.07,0,23.60
20220901T,73.18,1.96,1.08,0,23.52
20221201T,73.18,2.71,1.82,0,22.28
20230301T,73.18,3.99,1.87,0,20.71
20230601T,73.18,5.17,0.80,0,20.59
20230901T,73.18,4.01,0.36,0,22.17
20231201T,65.17,4.11,0.93,0,29.51
20240301T,65.17,4.58,1.31,0,28.66
20240601T,65.17,4.17,2.90,0,27.51
