20210901T,47.68,5.51,0,0,46.81
20211201T,47.68,0.83,0,0,51.49
20220301T,47.68,0.22,0,0,52.10
20220601T,47.68,0.18,0,0,52.13
20220901T,47.68,0.12,0,0,52.21
20221201T,47.68,0.11,0,0,52.20
20230301T,47.68,0.07,0,0,52.24
20230601T,47.68,0.07,0,0,52.24
20230901T,47.68,0.07,0,0,52.24
20231201T,47.68,0.07,0,0,52.25
20240301T,43.06,0.17,0,0,56.77
20240601T,43.06,0.07,0,0,56.88
