20210901T,62.43,2.00,6.97,0,28.59
20211201T,62.43,2.29,6.86,0,28.41
20220301T,62.43,2.29,7.03,0,28.23
20220601T,62.43,2.35,7.39,0,27.82
20220901T,62.43,2.45,7.10,0,27.99
20221201T,62.43,2.81,7.14,0,27.60
20230301T,62.43,2.45,7.80,0,27.30
20230601T,62.43,2.77,8.17,0,26.61
20230901T,62.43,3.48,8.33,0,25.75
20231201T,62.43,3.53,8.73,0,25.30
20240301T,62.43,3.51,8.81,0,25.23
20240601T,62.43,3.83,8.82,0,24.91
