20210901T,0,10.81,43.72,0,45.47
20211201T,0,9.99,43.79,0,46.22
20220301T,0,11.99,42.77,0,45.24
20220601T,0,12.68,42.82,0,44.50
20220901T,0,42.68,42.38,0,14.87
20221201T,0,42.99,42.19,0,14.78
20230301T,0,43.35,42.08,0,14.52
20230601T,0,43.62,41.92,0,14.41
20230901T,0,43.34,41.94,0,14.68
20231201T,0,43.26,41.98,0,14.71
20240301T,0,40.95,43.76,0,15.23
20240601T,0,40.47,44.02,0,15.47
