20210901T,46.64,10.35,15.26,0,27.75
20211201T,46.64,10.67,13.02,0,29.68
20220301T,46.64,10.50,12.31,0,30.55
20220601T,46.64,10.47,11.62,0,31.27
20220901T,46.64,12.80,8.37,0,32.20
20221201T,46.64,13.30,5.64,0,34.42
20230301T,46.64,12.23,5.07,0,36.05
20230601T,46.64,13.46,4.57,0,35.34
20230901T,46.64,14.42,3.38,0,35.56
20231201T,46.64,13.90,1.94,0,37.53
20240301T,46.64,17.08,1.82,0,34.46
20240601T,46.64,20.00,2.44,0,30.92
