20210901T,68.72,6.14,3.25,0,21.44
20211201T,68.72,5.78,3.12,0,21.93
20220301T,68.72,5.78,3.12,0,22.37
20220601T,68.72,5.77,3.12,0,22.39
20220901T,68.73,5.37,3.12,0,22.79
20221201T,68.73,5.37,2.36,0,23.53
20230301T,67.28,5.27,2.30,0,25.15
20230601T,67.26,5.22,2.20,0,25.32
20230901T,69.50,4.87,2.00,0,23.63
20231201T,69.50,3.75,1.55,0,25.20
20240301T,69.50,2.64,0.81,0,27.03
20240601T,69.50,3.13,0.70,0,26.66
