20210901T,28.69,0.68,0.00,0,70.63
20211201T,28.69,0.68,0.32,0,70.31
20220301T,28.69,1.08,0.32,0,69.91
20220601T,28.69,1.31,0.32,0,69.68
20220901T,28.62,1.23,0.00,0,70.15
20221201T,28.62,1.23,0.00,0,70.14
20230301T,28.62,1.29,0.00,0,70.09
20230601T,28.56,1.43,0.00,0,70.01
20230901T,28.56,1.17,0.00,0,70.27
20231201T,28.51,1.16,0.00,0,70.34
20240301T,31.90,2.44,0.00,0,65.66
20240601T,31.82,4.28,0.00,0,63.89
