20211201T,69.40,2.90,11.82,0,15.88
20220301T,69.40,3.13,11.14,0,16.33
20220601T,69.41,3.18,10.40,0,17.01
20220901T,69.42,3.12,10.44,0,17.01
20221201T,69.42,3.33,11.21,0,16.05
20230301T,69.00,3.39,11.48,0,16.13
20230601T,69.00,3.31,11.09,0,16.60
20230901T,69.00,3.34,11.21,0,16.45
20231201T,69.00,3.54,10.74,0,16.72
20240301T,69.00,3.05,10.61,0,17.33
20240601T,69.00,3.04,9.62,0,18.36
20240901T,69.00,2.48,9.12,0,19.40
