20211201T,50.98,3.46,0.00,0,45.56
20220301T,50.98,3.47,0.00,0,45.56
20220601T,50.98,0.01,0.00,0,49.02
20220901T,53.78,0.00,0.00,0,46.22
20221201T,55.90,0.00,0.00,0,44.09
20230301T,55.90,0.00,0.00,0,44.09
20230601T,58.73,0.09,0.05,0,41.12
20230901T,60.02,0.67,0.00,0,39.30
20231201T,60.02,2.57,0.00,0,37.40
20240301T,60.80,3.05,0.07,0,36.07
20240601T,63.85,2.92,0.08,0,33.15
20240701T,64.84,2.87,0.08,0,32.21
