20211201T,70.29,0.00,0,0,29.71
20220301T,70.29,0.00,0,0,29.70
20220601T,70.64,0.00,0,0,29.36
20220901T,70.64,0.00,0,0,29.37
20221201T,58.64,0.00,0,0,41.37
20230301T,51.46,0.00,0,0,48.54
20230601T,51.46,0.00,0,0,48.54
20230901T,51.46,0.92,0,0,47.62
20231201T,51.46,1.03,0,0,47.51
20240301T,51.46,1.90,0,0,46.63
20240601T,51.24,1.90,0,0,46.87
20240801T,45.69,2.42,0,0,51.89
