20210901T,50.00,7.36,11.56,0,31.08
20211201T,50.00,6.70,12.87,0,30.43
20220301T,49.98,5.55,13.55,0,30.92
20220601T,49.98,6.63,13.83,0,29.56
20220901T,49.98,7.08,13.38,0,29.57
20221201T,49.98,6.47,14.45,0,29.10
20230301T,49.96,6.24,15.13,0,28.67
20230601T,49.96,3.29,14.61,0,32.15
20230901T,49.96,5.79,12.28,0,31.98
20231201T,49.95,5.70,10.76,0,33.58
20240301T,49.94,7.67,7.14,0,35.24
20240601T,49.94,8.96,6.28,0,34.83
