20210901T,55.91,8.74,15.23,0,20.12
20211201T,54.00,9.12,16.26,0,20.62
20220301T,54.00,9.22,16.89,0,19.89
20220601T,54.00,8.85,17.80,0,19.35
20220901T,53.96,8.66,18.47,0,18.91
20221201T,53.95,8.81,18.55,0,18.72
20230301T,53.93,8.62,19.08,0,18.35
20230601T,53.91,9.53,18.65,0,17.90
20230901T,53.86,10.05,18.58,0,17.50
20231201T,53.83,10.35,18.53,0,17.27
20240301T,53.78,11.06,18.38,0,16.78
20240601T,53.77,12.17,17.61,0,16.42
