20210901T,67.54,0.93,0.01,0,31.52
20211201T,67.54,1.20,0.01,0,31.26
20220301T,67.53,1.25,0.00,0,31.22
20220601T,67.53,1.31,0.00,0,31.16
20220901T,67.53,1.24,0.00,0,31.23
20221201T,67.53,1.37,0.02,0,31.08
20230301T,67.53,1.66,0.05,0,30.76
20230601T,67.53,1.73,0.02,0,30.72
20230901T,67.53,2.52,0.03,0,29.91
20231201T,67.53,2.82,0.04,0,29.62
20240301T,67.53,3.34,0.06,0,29.09
20240601T,67.53,3.30,0.05,0,29.12
