20210901T,24.99,0.18,26.08,0,48.75
20211201T,24.99,0.18,26.08,0,48.75
20220301T,24.99,0.18,26.08,0,48.75
20220601T,24.99,0.20,26.08,0,48.73
20220901T,24.99,0.21,28.15,0,46.64
20221201T,24.99,0.22,28.15,0,46.63
20230301T,24.99,0.22,28.15,0,46.64
20230601T,24.99,0.20,28.15,0,46.66
20230901T,24.99,0.21,28.15,0,46.66
20231201T,24.99,0.21,28.15,0,46.65
20240301T,24.99,0.21,28.15,0,46.65
20240601T,24.99,0.21,28.15,0,46.63
