20210901T,72.72,0.03,0.01,0,27.24
20211201T,72.72,0.20,0.02,0,27.06
20220301T,72.72,0.00,0.02,0,27.26
20220601T,72.72,0.00,0.02,0,27.26
20220901T,72.76,0.00,0.02,0,27.22
20221201T,72.76,0.00,0.02,0,27.22
20230301T,72.76,0.00,0.02,0,27.23
20230601T,72.76,0.00,0.02,0,27.23
20230901T,74.20,0.00,0.02,0,25.79
20231201T,74.20,0.00,0.02,0,25.77
20240301T,74.20,0.00,0.02,0,25.78
20240601T,74.20,0.02,0.02,0,25.75
