20210901T,61.27,0.02,0.00,0,38.70
20211201T,61.32,0.06,0.00,0,38.62
20220301T,61.32,0.13,0.00,0,38.54
20220601T,61.32,0.13,0.00,0,38.55
20220901T,61.32,0.13,0.00,0,38.53
20221201T,61.32,0.12,0.00,0,38.55
20230301T,61.32,0.08,0.02,0,38.59
20230601T,61.32,0.03,0.02,0,38.64
20230901T,61.31,0.63,0.02,0,38.03
20231201T,61.31,0.46,0.01,0,38.21
20240301T,60.31,0.03,0.02,0,39.64
20240601T,60.31,0.04,0.02,0,39.62
