20210901T,74.55,2.48,0.01,0,22.96
20211201T,74.55,2.90,0.01,0,22.54
20220301T,74.55,2.91,0.01,0,22.54
20220601T,74.55,2.98,0.00,0,22.47
20220901T,74.54,2.94,0.06,0,22.46
20221201T,74.54,2.80,0.05,0,22.58
20230301T,74.54,3.42,0.01,0,22.02
20230601T,74.54,3.09,0.01,0,22.36
20230901T,74.54,3.02,0.03,0,22.40
20231201T,74.54,3.08,0.04,0,22.34
20240301T,74.54,3.00,0.01,0,22.44
20240601T,74.54,2.96,0.01,0,22.49
