20211201T,46.65,8.00,10.47,0,34.88
20220301T,46.65,6.41,10.54,0,36.40
20220601T,46.65,8.44,13.24,0,31.68
20220901T,46.64,9.71,13.04,0,30.62
20221201T,46.64,9.85,13.04,0,30.47
20230301T,46.64,9.81,13.04,0,30.51
20230601T,46.64,10.06,13.31,0,30.00
20230901T,46.64,10.01,14.79,0,28.54
20231201T,46.64,8.70,16.64,0,28.00
20240301T,46.64,10.14,16.53,0,26.70
20240601T,46.64,10.47,16.94,0,25.95
20240901T,46.64,9.99,16.58,0,26.78
