20210901T,49.52,4.59,1.89,0,44.00
20211201T,49.52,3.89,2.52,0,44.07
20220301T,49.63,3.53,3.50,0,43.34
20220601T,49.63,3.43,5.86,0,41.07
20220901T,49.64,6.05,4.46,0,39.85
20221201T,49.64,9.43,2.92,0,38.01
20230301T,49.64,11.49,2.85,0,36.04
20230601T,49.64,10.46,3.11,0,36.79
20230901T,49.64,10.90,3.18,0,36.29
20231201T,49.64,10.75,3.37,0,36.25
20240301T,49.64,9.26,3.71,0,37.39
20240601T,49.64,12.09,5.71,0,32.56
