20211201T,55.93,8.13,1.27,0,34.68
20220301T,56.26,8.16,1.24,0,34.35
20220601T,56.26,7.35,1.23,0,35.16
20220901T,56.26,7.24,1.23,0,35.29
20221201T,56.26,7.46,1.29,0,34.99
20230301T,56.26,6.73,1.22,0,35.79
20230601T,56.26,8.69,1.22,0,33.83
20230901T,56.26,10.29,1.27,0,32.19
20231201T,53.13,12.21,5.79,0,28.87
20240301T,53.13,15.29,5.18,0,26.40
20240601T,53.13,14.15,4.99,0,27.73
20240901T,50.56,16.58,5.70,0,27.16
