20210901T,54.81,21.74,10.45,0,13.00
20211201T,55.27,21.41,9.72,0,13.60
20220301T,55.42,21.83,8.78,0,13.97
20220601T,55.41,21.13,8.79,0,14.67
20220901T,56.02,22.12,8.30,0,13.57
20221201T,56.02,22.14,7.35,0,14.49
20230301T,56.49,21.24,7.47,0,14.80
20230601T,56.48,20.72,7.61,0,15.19
20230901T,56.47,18.82,8.06,0,16.66
20231201T,56.44,17.92,8.46,0,17.17
20240301T,56.44,18.19,8.46,0,16.91
20240601T,56.43,16.83,8.63,0,18.11
