20210901T,74.63,0.00,1.67,0,23.71
20211201T,74.63,0.01,0.00,0,25.36
20220301T,74.63,0.00,0.00,0,25.37
20220601T,74.63,0.00,0.00,0,25.37
20220901T,74.63,0.04,0.44,0,24.89
20221201T,74.63,0.06,0.44,0,24.86
20230301T,74.63,0.02,0.44,0,24.90
20230601T,74.63,0.02,0.44,0,24.91
20230901T,74.63,0.02,0.44,0,24.90
20231201T,74.63,0.05,0.44,0,24.87
20240301T,74.63,0.12,0.44,0,24.81
20240601T,74.63,0.10,0.44,0,24.83
