20211201T,26.02,1.02,23.28,0,49.69
20220301T,24.00,1.20,23.12,0,51.68
20220601T,24.00,2.83,23.12,0,50.05
20220901T,24.00,3.38,22.18,0,50.44
20221201T,24.00,3.67,22.15,0,50.18
20230301T,24.00,4.97,22.19,0,48.85
20230601T,24.00,4.70,22.15,0,49.15
20230901T,24.00,4.65,21.62,0,49.74
20231201T,24.00,5.14,20.46,0,50.41
20240301T,24.00,6.06,18.46,0,51.47
20240601T,24.00,7.59,18.18,0,50.21
20240901T,24.00,7.78,18.29,0,49.94
