20210901T,68.60,14.33,6.64,0,10.43
20211201T,68.60,15.01,7.21,0,9.18
20220301T,69.87,15.10,6.31,0,8.72
20220601T,70.10,13.77,5.86,0,10.27
20220901T,70.09,12.71,6.48,0,10.71
20221201T,70.09,13.05,7.21,0,9.64
20230301T,57.95,21.92,6.15,0,13.99
20230601T,57.95,22.20,6.01,0,13.85
20230901T,57.94,23.37,5.42,0,13.26
20231201T,58.68,22.56,5.81,0,12.94
20240301T,60.49,20.83,6.62,0,12.06
20240601T,60.48,22.49,6.25,0,10.78
