20210901T,74.66,5.92,7.49,0,11.70
20211201T,74.66,5.51,9.19,0,10.37
20220301T,74.66,5.36,10.16,0,9.55
20220601T,74.69,5.27,10.08,0,9.70
20220901T,74.69,5.34,10.09,0,9.65
20221201T,74.66,5.14,10.08,0,9.86
20230301T,74.66,5.18,10.06,0,9.84
20230601T,74.66,5.18,9.59,0,10.33
20230901T,73.39,8.38,9.69,0,8.33
20231201T,73.39,8.50,9.36,0,8.53
20240301T,73.67,8.37,9.29,0,8.45
20240601T,69.32,15.37,9.21,0,5.90
