20211201T,60.65,0.09,9.33,0,29.94
20220301T,60.65,0.07,9.33,0,29.95
20220601T,74.62,0.00,18.45,0,6.93
20220901T,74.62,0.04,2.15,0,23.19
20221201T,74.62,0.02,2.15,0,23.21
20230301T,74.62,0.01,1.49,0,23.88
20230601T,72.37,0.27,2.26,0,25.10
20230901T,72.37,0.86,1.01,0,25.77
20231201T,70.12,1.26,2.05,0,26.55
20240301T,70.12,2.28,1.92,0,25.68
20240601T,70.12,4.14,0.92,0,24.82
20240701T,68.11,5.34,2.30,0,24.24
