20210901T,62.89,12.23,16.38,0,8.50
20211201T,62.89,9.94,18.30,0,8.87
20220301T,62.89,10.89,16.90,0,9.32
20220601T,62.89,11.47,18.14,0,7.50
20220901T,62.89,12.80,17.47,0,6.84
20221201T,62.89,13.37,17.13,0,6.63
20230301T,62.89,13.77,16.81,0,6.53
20230601T,62.89,13.97,15.36,0,7.77
20230901T,62.89,14.62,14.13,0,8.37
20231201T,62.89,14.65,13.85,0,8.61
20240301T,62.89,16.43,13.28,0,7.39
20240601T,62.89,15.10,14.35,0,7.66
