20210901T,59.46,1.01,0.01,0,39.52
20211201T,60.22,0.95,0.01,0,38.82
20220301T,60.44,0.86,0.04,0,38.42
20220601T,60.45,0.61,0.01,0,38.93
20220901T,60.44,0.39,0.10,0,39.06
20221201T,60.44,0.40,0.10,0,39.05
20230301T,60.23,2.44,0.23,0,37.11
20230601T,60.23,2.27,0.09,0,37.41
20230901T,60.24,3.85,0.01,0,35.91
20231201T,60.24,3.78,0.01,0,35.97
20240301T,60.24,3.67,0.01,0,36.08
20240601T,60.24,3.41,0.01,0,36.33
