20210901T,47.51,24.89,15.24,0,12.36
20211201T,47.51,22.45,17.26,0,12.77
20220301T,47.50,21.27,20.32,0,10.91
20220601T,47.50,19.58,22.40,0,10.52
20220901T,47.49,19.44,22.82,0,10.25
20221201T,47.49,18.57,24.49,0,9.44
20230301T,47.49,16.89,26.23,0,9.36
20230601T,47.49,17.95,25.22,0,9.33
20230901T,47.49,18.48,25.43,0,8.59
20231201T,47.49,18.33,25.53,0,8.66
20240301T,47.49,19.18,24.91,0,8.43
20240601T,47.49,16.21,27.83,0,8.46
