20210901T,60.54,2.87,1.89,0,34.70
20211201T,60.54,3.26,2.07,0,34.13
20220301T,60.54,3.05,1.74,0,34.67
20220601T,60.54,2.77,1.96,0,34.73
20220901T,60.54,2.75,2.58,0,34.14
20221201T,60.54,28.72,2.89,0,7.84
20230301T,60.55,29.65,2.63,0,7.17
20230601T,60.55,27.09,5.17,0,7.20
20230901T,60.55,26.56,4.86,0,8.03
20231201T,60.55,26.21,5.48,0,7.75
20240301T,60.63,21.10,11.00,0,7.26
20240601T,60.59,21.19,11.75,0,6.46
