20211201T,60.90,0.19,3.14,0,35.77
20220301T,60.90,0.00,3.38,0,35.72
20220601T,60.90,0.14,3.18,0,35.78
20220901T,60.90,0.00,0.00,0,39.09
20221201T,60.90,0.04,0.00,0,39.06
20230301T,62.59,0.35,0.00,0,37.05
20230601T,61.47,0.50,0.00,0,38.03
20230901T,61.47,0.38,0.00,0,38.15
20231201T,61.47,0.51,0.00,0,38.01
20240301T,63.34,0.25,0.00,0,36.40
20240601T,64.20,0.00,0.00,0,35.79
20240801T,57.78,0.00,4.53,0,37.68
