20211201T,74.43,0.16,0.08,0,25.34
20220301T,74.43,0.17,0.07,0,25.33
20220601T,74.43,0.14,0.08,0,25.36
20220901T,74.42,0.12,0.08,0,25.37
20221201T,74.39,0.11,0.08,0,25.41
20230301T,74.39,0.11,0.08,0,25.41
20230601T,74.39,0.11,0.08,0,25.41
20230901T,74.39,0.04,0.08,0,25.48
20231201T,74.39,0.07,0.10,0,25.43
20240301T,74.39,0.14,0.08,0,25.39
20240601T,74.39,0.20,0.08,0,25.32
20240901T,74.39,0.05,0.08,0,25.47
