20210901T,72.34,0.01,0,0,27.65
20211201T,72.33,0.06,0,0,27.60
20220301T,72.38,0.01,0,0,27.61
20220601T,72.52,0.00,0,0,27.48
20220901T,66.74,0.00,0,0,33.26
20221201T,66.74,0.00,0,0,33.27
20230301T,66.74,0.00,0,0,33.27
20230601T,66.74,0.00,0,0,33.28
20230901T,66.74,0.01,0,0,33.25
20231201T,66.74,0.00,0,0,33.27
20240301T,66.74,0.00,0,0,33.26
20240601T,66.74,0.00,0,0,33.25
