20210901T,74.99,3.40,13.34,0,8.27
20211201T,74.99,3.57,13.21,0,8.23
20220301T,74.99,3.55,13.20,0,8.26
20220601T,74.99,3.28,13.39,0,8.34
20220901T,74.99,3.45,13.26,0,8.28
20221201T,74.99,3.32,13.34,0,8.34
20230301T,74.99,3.88,12.82,0,8.31
20230601T,74.99,4.21,12.29,0,8.49
20230901T,74.99,4.27,11.90,0,8.82
20231201T,74.99,4.28,11.84,0,8.88
20240301T,74.99,4.72,11.61,0,8.68
20240601T,74.99,5.09,10.72,0,9.18
