20210901T,2.12,0.00,38.61,0,59.27
20211201T,2.28,0.00,36.77,0,60.95
20220301T,2.28,15.35,21.88,0,60.49
20220601T,2.28,15.43,22.75,0,59.54
20220901T,2.26,16.49,25.17,0,56.08
20221201T,2.25,17.03,30.73,0,49.98
20230301T,2.24,17.93,30.80,0,49.02
20230601T,2.24,17.90,32.10,0,47.77
20230901T,2.24,18.09,32.29,0,47.38
20231201T,2.22,15.61,35.16,0,47.00
20240301T,2.20,15.38,36.22,0,46.19
20240601T,2.15,15.11,35.68,0,47.07
