20210901T,15.14,13.52,13.79,0,57.55
20211201T,15.14,9.59,13.79,0,61.48
20220301T,16.13,9.57,13.79,0,60.50
20220601T,15.68,9.57,13.79,0,60.95
20220901T,15.68,13.98,9.38,0,60.95
20221201T,15.14,13.99,6.49,0,64.38
20230301T,15.14,13.98,4.91,0,65.98
20230601T,15.14,13.98,4.91,0,65.98
20230901T,15.14,13.98,4.91,0,65.98
20231201T,15.14,13.01,0.02,0,71.84
20240301T,15.14,13.01,0.02,0,71.84
20240601T,15.14,13.01,0.02,0,71.83
