20211201T,43.88,1.74,0.66,0,53.72
20220301T,43.92,2.02,0.65,0,53.41
20220601T,43.99,2.02,0.66,0,53.33
20220901T,43.98,2.15,0.64,0,53.21
20221201T,43.99,2.22,0.64,0,53.14
20230301T,44.07,2.14,0.64,0,53.12
20230601T,44.07,2.01,0.64,0,53.26
20230901T,43.93,1.85,0.69,0,53.52
20231201T,43.94,1.90,0.62,0,53.53
20240301T,43.94,1.54,1.04,0,53.46
20240601T,43.94,1.69,0.55,0,53.80
20240901T,43.95,2.13,0.78,0,53.14
