20210901T,46.87,20.06,8.95,0,24.12
20211201T,46.87,20.11,8.28,0,24.74
20220301T,46.87,20.17,8.16,0,24.80
20220601T,46.87,20.12,8.13,0,24.89
20220901T,49.07,20.11,2.39,0,28.36
20221201T,49.25,12.60,2.13,0,35.91
20230301T,50.18,12.27,2.35,0,35.10
20230601T,50.22,12.50,2.33,0,34.85
20230901T,50.22,12.34,1.97,0,35.34
20231201T,50.22,11.83,1.67,0,36.13
20240301T,50.22,11.46,1.63,0,36.58
20240601T,50.22,11.69,1.63,0,36.34
