20210901T,49.51,0.71,3.57,0,46.21
20211201T,49.51,0.71,3.39,0,46.39
20220301T,49.51,0.71,2.41,0,47.37
20220601T,49.51,0.71,1.77,0,48.01
20220901T,49.51,4.02,1.63,0,44.84
20221201T,49.51,4.30,1.62,0,44.57
20230301T,49.51,4.29,1.64,0,44.55
20230601T,49.51,4.16,1.55,0,44.78
20230901T,49.51,3.83,2.25,0,44.41
20231201T,49.51,3.83,2.11,0,44.54
20240301T,49.51,3.85,1.73,0,44.90
20240601T,49.51,4.17,1.61,0,44.71
