20210901T,36.85,0,1.57,0,61.59
20211201T,36.85,0,1.57,0,61.59
20220301T,39.99,0,1.49,0,58.52
20220601T,39.99,0,1.49,0,58.52
20220901T,39.99,0,1.49,0,58.51
20221201T,42.98,0,1.42,0,55.60
20230301T,42.98,0,1.42,0,55.61
20230601T,42.98,0,1.42,0,55.62
20230901T,42.98,0,1.42,0,55.61
20231201T,42.21,0,1.42,0,56.38
20240301T,42.19,0,1.42,0,56.39
20240601T,57.17,0,0.80,0,42.04
