20210901T,22.34,0.00,0.00,0,77.66
20211201T,31.04,0.00,0.00,0,68.96
20220301T,34.52,0.00,0.00,0,65.48
20220601T,31.27,0.00,0.00,0,68.73
20220901T,31.27,0.00,0.00,0,68.66
20221201T,31.27,0.00,0.00,0,68.65
20230301T,31.60,0.00,0.00,0,68.34
20230601T,31.60,0.00,0.00,0,68.33
20230901T,31.60,0.03,0.00,0,68.30
20231201T,29.14,0.01,0.01,0,70.79
20240301T,29.14,0.01,0.01,0,70.77
20240601T,29.14,0.00,0.00,0,70.78
