20211201T,49.15,0.32,9.11,0,41.28
20220301T,49.15,0.48,9.09,0,41.14
20220601T,49.21,0.00,8.80,0,41.99
20220901T,43.40,0.41,12.79,0,43.39
20221201T,43.40,0.62,11.99,0,43.99
20230301T,43.40,3.12,11.40,0,42.08
20230601T,43.40,3.78,10.61,0,42.20
20230901T,43.40,4.42,10.78,0,41.38
20231201T,43.40,7.18,13.37,0,36.01
20240301T,43.34,8.95,12.82,0,34.83
20240601T,43.34,8.42,16.31,0,31.86
20240901T,43.34,7.17,17.34,0,32.09
