20210901T,74.97,3.08,0.02,0,21.92
20211201T,74.97,2.96,0.02,0,22.05
20220301T,74.97,2.90,0.02,0,22.11
20220601T,74.97,2.90,0.02,0,22.11
20220901T,74.98,2.77,0.01,0,22.24
20221201T,74.98,2.72,0.02,0,22.27
20230301T,74.98,2.51,0.01,0,22.50
20230601T,74.98,2.50,0.01,0,22.49
20230901T,74.98,2.31,0.05,0,22.65
20231201T,74.98,1.90,0.01,0,23.11
20240301T,74.98,1.39,0.13,0,23.49
20240601T,74.98,1.24,0.18,0,23.58
