20210901T,53.74,0.11,19.75,0,26.40
20211201T,53.71,0.15,18.92,0,27.23
20220301T,53.67,0.20,19.11,0,27.02
20220601T,53.63,0.17,19.13,0,27.07
20220901T,39.13,0.45,28.32,0,32.09
20221201T,39.10,0.56,28.67,0,31.69
20230301T,39.00,0.51,29.28,0,31.21
20230601T,39.00,0.40,30.87,0,29.75
20230901T,38.98,1.14,31.75,0,28.13
20231201T,38.93,1.28,32.30,0,27.50
20240301T,38.93,1.70,32.15,0,27.21
20240601T,38.90,3.93,31.52,0,25.59
