20210901T,65.95,1.42,9.53,0,23.10
20211201T,65.95,1.48,9.05,0,23.52
20220301T,65.95,1.67,9.05,0,23.33
20220601T,65.95,1.67,9.02,0,23.36
20220901T,65.95,1.53,9.01,0,23.52
20221201T,65.95,1.56,8.95,0,23.55
20230301T,65.95,1.59,9.27,0,23.18
20230601T,65.95,1.78,8.98,0,23.29
20230901T,65.95,3.50,9.31,0,21.23
20231201T,65.95,3.88,9.40,0,20.77
20240301T,65.95,4.11,9.77,0,20.18
20240601T,65.95,5.03,9.88,0,19.13
