20211201T,54.56,0.03,0.32,0,45.10
20220301T,54.56,0.03,0.32,0,45.10
20220601T,54.56,0.03,0.00,0,45.41
20220901T,39.36,0.05,0.00,0,60.58
20221201T,39.36,0.00,0.00,0,60.65
20230301T,37.67,0.15,0.00,0,62.16
20230601T,37.67,0.00,0.00,0,62.32
20230901T,37.67,0.00,0.00,0,62.32
20231201T,37.67,0.01,0.00,0,62.31
20240301T,37.67,0.00,0.00,0,62.32
20240601T,37.67,0.13,0.00,0,62.18
20240901T,37.67,0.05,0.00,0,62.27
