20210901T,74.99,0.06,0.00,0,24.95
20211201T,74.99,0.10,0.00,0,24.91
20220301T,74.99,0.12,0.00,0,24.89
20220601T,74.99,0.11,0.00,0,24.90
20220901T,74.99,0.18,0.00,0,24.82
20221201T,74.99,0.13,0.00,0,24.88
20230301T,74.99,0.18,0.00,0,24.83
20230601T,74.99,0.54,0.00,0,24.46
20230901T,74.99,0.57,0.20,0,24.24
20231201T,74.99,0.55,0.04,0,24.43
20240301T,74.99,0.52,0.00,0,24.49
20240601T,74.99,0.36,0.00,0,24.66
