20210901T,74.45,1.58,2.58,0,21.40
20211201T,74.45,1.62,3.40,0,20.54
20220301T,74.45,1.44,4.24,0,19.88
20220601T,74.45,0.98,3.72,0,20.86
20220901T,74.45,1.37,3.71,0,20.46
20221201T,74.45,1.39,4.82,0,19.34
20230301T,74.45,1.27,4.83,0,19.45
20230601T,74.45,1.54,2.51,0,21.49
20230901T,74.45,2.64,3.96,0,18.95
20231201T,74.45,2.59,4.51,0,18.45
20240301T,69.45,4.77,6.02,0,19.77
20240601T,69.45,4.51,4.96,0,21.09
