20210901T,70.98,0.00,0.16,0,28.85
20211201T,70.98,0.00,0.23,0,28.77
20220301T,70.98,0.00,0.16,0,28.85
20220601T,70.98,0.00,0.24,0,28.77
20220901T,70.98,0.13,0.09,0,28.79
20221201T,70.98,0.07,0.09,0,28.85
20230301T,70.98,0.07,0.09,0,28.85
20230601T,70.98,0.00,0.09,0,28.93
20230901T,70.98,0.00,0.09,0,28.93
20231201T,70.98,0.00,0.09,0,28.92
20240301T,70.98,0.01,0.09,0,28.91
20240601T,70.98,0.02,0.12,0,28.87
