20211201T,54.45,0.00,0.00,0,45.55
20220301T,54.52,2.77,0.00,0,42.71
20220601T,54.68,3.26,0.00,0,42.05
20220901T,54.70,2.42,0.00,0,42.88
20221201T,54.81,2.50,0.00,0,42.69
20230301T,54.81,2.54,0.00,0,42.64
20230601T,54.81,3.48,0.06,0,41.66
20230901T,54.83,4.24,0.00,0,40.91
20231201T,53.08,5.96,2.09,0,38.86
20240301T,53.08,5.60,0.63,0,40.69
20240601T,53.09,6.05,0.33,0,40.51
20240801T,48.77,12.40,1.54,0,37.28
