20211201T,27.38,4.44,30.14,0,38.04
20220301T,27.38,4.49,28.64,0,39.49
20220601T,27.38,4.27,27.36,0,40.98
20220901T,27.79,4.06,20.43,0,47.71
20221201T,27.79,4.14,19.41,0,48.65
20230301T,27.79,3.39,18.49,0,50.33
20230601T,27.79,5.69,19.77,0,46.74
20230901T,27.79,3.68,18.73,0,49.79
20231201T,27.03,3.44,16.59,0,52.94
20240301T,27.03,3.34,15.37,0,54.27
20240601T,27.17,3.33,15.26,0,54.23
20240901T,27.17,3.63,15.86,0,53.34
