20210901T,64.71,3.05,9.13,0,23.11
20211201T,64.71,3.04,9.14,0,23.11
20220301T,64.71,0.00,9.13,0,26.15
20220601T,64.69,3.06,9.13,0,23.12
20220901T,64.70,2.88,9.14,0,23.29
20221201T,64.70,2.88,9.14,0,23.28
20230301T,64.70,2.89,9.04,0,23.39
20230601T,64.70,2.85,9.26,0,23.18
20230901T,64.70,2.73,8.75,0,23.81
20231201T,64.70,2.71,9.37,0,23.21
20240301T,64.70,2.54,12.18,0,20.59
20240601T,64.70,2.45,12.03,0,20.82
