20211201T,0,11.16,5.63,0,83.21
20220301T,0,11.92,5.34,0,82.74
20220601T,0,15.46,5.34,0,79.20
20220901T,0,18.15,5.34,0,76.49
20221201T,0,19.75,5.43,0,74.80
20230301T,0,20.30,5.74,0,73.95
20230601T,0,21.03,6.00,0,72.95
20230901T,0,22.67,8.60,0,68.71
20231201T,0,19.03,17.69,0,63.26
20240301T,0,18.86,23.06,0,58.08
20240601T,0,14.72,22.85,0,62.43
20240901T,0,10.29,22.05,0,67.67
