20211201T,70.30,0.02,0.00,0,29.67
20220301T,70.30,0.01,0.01,0,29.68
20220601T,70.30,0.00,0.01,0,29.69
20220901T,70.31,0.00,0.00,0,29.69
20221201T,70.31,0.13,0.00,0,29.57
20230301T,70.31,0.13,0.00,0,29.56
20230601T,70.31,0.39,0.00,0,29.30
20230901T,70.31,1.04,0.02,0,28.63
20231201T,70.31,0.53,0.00,0,29.16
20240301T,70.31,0.17,0.00,0,29.52
20240601T,70.31,0.14,0.00,0,29.55
20240901T,70.31,0.08,0.00,0,29.61
