20200901T,56.01,0,0,0,43.99
20210301T,56.60,0,0,0,43.40
20210901T,56.99,0,0,0,43.01
20220301T,60.25,0,0,0,39.75
20220901T,62.91,0,0,0,37.10
20230301T,62.91,0,0,0,37.10
20230601T,62.91,0,0,0,37.09
20230901T,62.91,0,0,0,37.10
20231201T,62.91,0,0,0,37.10
20240301T,62.91,0,0,0,37.08
20240601T,61.93,0,0,0,38.07
20240801T,57.07,0,0,0,42.93
