20210901T,72.65,0.23,0,0,27.12
20211201T,72.65,0.23,0,0,27.12
20220301T,72.65,0.41,0,0,26.94
20220601T,72.73,0.32,0,0,26.95
20220901T,72.95,0.40,0,0,26.65
20221201T,73.17,0.32,0,0,26.51
20230301T,73.17,0.34,0,0,26.50
20230601T,73.17,0.26,0,0,26.57
20230901T,73.17,0.19,0,0,26.64
20231201T,73.17,0.17,0,0,26.65
20240301T,73.17,0.17,0,0,26.66
20240601T,73.17,0.18,0,0,26.65
