20210901T,40.05,5.00,12.86,0,42.10
20211201T,34.32,6.78,12.48,0,46.42
20220301T,34.32,7.72,11.80,0,46.16
20220601T,34.32,8.03,11.82,0,45.83
20220901T,33.99,8.96,11.73,0,45.28
20221201T,33.99,9.46,11.73,0,44.81
20230301T,34.21,9.17,11.73,0,44.87
20230601T,33.85,8.77,12.73,0,44.64
20230901T,33.74,8.14,13.78,0,44.33
20231201T,33.74,7.81,13.90,0,44.52
20240301T,33.74,7.62,13.98,0,44.64
20240601T,33.76,7.46,14.31,0,44.46
