20210901T,45.24,24.07,14.96,0,15.73
20211201T,45.24,23.46,14.92,0,16.38
20220301T,45.24,23.03,16.23,0,15.50
20220601T,45.24,20.67,19.22,0,14.88
20220901T,45.24,20.97,20.68,0,13.10
20221201T,45.24,19.32,22.74,0,12.70
20230301T,45.24,17.66,24.18,0,12.92
20230601T,45.24,17.15,25.03,0,12.56
20230901T,45.24,21.21,21.51,0,12.03
20231201T,45.24,21.91,21.76,0,11.09
20240301T,45.24,22.59,21.99,0,10.18
20240601T,45.24,23.19,21.22,0,10.36
