20211201T,74.11,0.13,0,0,25.76
20220301T,74.11,0.10,0,0,25.79
20220601T,74.11,0.10,0,0,25.79
20220901T,74.11,0.32,0,0,25.57
20221201T,70.02,0.46,0,0,29.52
20230301T,70.02,0.24,0,0,29.72
20230601T,70.02,0.10,0,0,29.88
20230901T,70.02,0.67,0,0,29.31
20231201T,70.02,0.09,0,0,29.88
20240301T,70.02,0.20,0,0,29.78
20240601T,70.02,0.18,0,0,29.80
20240901T,70.02,1.01,0,0,28.96
