20210901T,75.00,2.38,8.71,0,13.91
20211201T,75.00,2.56,8.27,0,14.17
20220301T,75.00,2.59,8.31,0,14.10
20220601T,75.00,2.65,7.97,0,14.38
20220901T,75.00,2.77,7.77,0,14.45
20221201T,75.00,2.80,7.80,0,14.39
20230301T,75.00,2.77,8.01,0,14.23
20230601T,75.00,2.85,7.76,0,14.38
20230901T,75.00,2.89,7.44,0,14.67
20231201T,75.00,2.25,7.22,0,15.52
20240301T,75.00,2.31,7.45,0,15.23
20240601T,75.00,3.03,6.84,0,15.13
