20210901T,53.41,0.00,0.06,0,46.53
20211201T,53.41,0.01,0.06,0,46.52
20220301T,53.41,0.02,0.06,0,46.51
20220601T,57.65,0.00,0.05,0,42.29
20220901T,57.66,0.00,0.05,0,42.29
20221201T,57.66,0.01,0.08,0,42.25
20230301T,57.66,0.03,0.05,0,42.26
20230601T,60.64,0.03,0.04,0,39.28
20230901T,59.79,0.25,0.04,0,39.91
20231201T,59.79,1.03,0.09,0,39.09
20240301T,57.25,1.39,0.13,0,41.03
20240601T,57.25,2.12,0.14,0,40.45
