20210901T,31.13,3.81,12.61,0,52.45
20211201T,31.13,4.17,12.17,0,52.53
20220301T,31.13,4.24,11.89,0,52.74
20220601T,31.13,4.29,11.89,0,52.69
20220901T,31.13,4.71,11.98,0,52.16
20221201T,31.13,4.90,12.03,0,51.93
20230301T,31.13,5.07,11.90,0,51.88
20230601T,31.13,5.04,10.96,0,52.86
20230901T,31.13,4.93,11.28,0,52.64
20231201T,31.13,4.97,11.28,0,52.60
20240301T,31.13,5.24,11.15,0,52.47
20240601T,31.13,5.48,10.90,0,52.49
