20210901T,51.70,0.03,2.07,0,46.19
20211201T,52.24,0.00,2.07,0,45.69
20220301T,52.75,0.36,2.06,0,44.82
20220601T,53.01,0.16,2.07,0,44.77
20220901T,53.05,0.71,2.07,0,44.17
20221201T,53.05,0.06,2.07,0,44.82
20230301T,53.05,0.49,0.00,0,46.46
20230601T,52.40,0.49,0.00,0,47.11
20230901T,52.40,0.32,0.00,0,47.27
20231201T,52.40,0.57,0.00,0,47.02
20240301T,50.76,0.27,0.00,0,48.98
20240601T,50.76,0.21,0.00,0,49.04
