20210901T,63.95,0.09,0,0,35.96
20211201T,63.95,0.37,0,0,35.67
20220301T,63.95,0.17,0,0,35.87
20220601T,63.95,0.21,0,0,35.83
20220901T,63.96,0.17,0,0,35.89
20221201T,63.96,0.00,0,0,36.05
20230301T,63.96,0.02,0,0,36.03
20230601T,63.96,0.00,0,0,36.05
20230901T,63.96,0.02,0,0,36.04
20231201T,63.96,0.00,0,0,36.05
20240301T,63.96,0.05,0,0,36.00
20240601T,63.96,0.00,0,0,36.04
