20210901T,63.53,8.25,6.57,0,21.66
20211201T,63.50,7.86,6.11,0,22.53
20220301T,66.26,6.91,4.57,0,22.26
20220601T,66.23,6.61,5.34,0,21.82
20220901T,66.20,6.75,5.35,0,21.69
20221201T,66.15,11.24,6.05,0,16.56
20230301T,66.11,11.35,6.58,0,15.96
20230601T,66.10,13.90,5.29,0,14.73
20230901T,66.02,12.11,7.02,0,14.85
20231201T,65.90,10.67,9.07,0,14.36
20240301T,65.86,11.04,8.69,0,14.39
20240601T,66.37,7.34,11.64,0,14.66
