20210901T,74.15,9.50,6.14,0,10.21
20211201T,73.93,9.23,5.42,0,11.41
20220301T,73.90,7.14,5.20,0,13.76
20220601T,73.88,6.34,4.08,0,15.69
20220901T,73.87,6.04,8.00,0,12.10
20221201T,73.85,7.22,7.69,0,11.24
20230301T,73.85,6.69,8.41,0,11.06
20230601T,73.80,5.31,10.37,0,10.51
20230901T,73.77,5.89,10.77,0,9.55
20231201T,73.75,5.63,11.33,0,9.29
20240301T,73.74,5.52,12.09,0,8.65
20240601T,73.69,4.46,13.07,0,8.77
