20210901T,55.98,19.37,5.20,0,19.45
20211201T,55.98,19.39,5.21,0,19.42
20220301T,55.98,19.34,5.29,0,19.40
20220601T,55.98,19.53,5.68,0,18.81
20220901T,55.98,19.37,5.59,0,19.04
20221201T,55.98,19.41,5.60,0,19.01
20230301T,55.98,19.02,6.42,0,18.57
20230601T,55.98,18.24,6.85,0,18.94
20230901T,55.98,17.97,6.75,0,19.29
20231201T,55.98,15.89,8.32,0,19.81
20240301T,55.98,9.04,14.19,0,20.77
20240601T,55.98,6.93,15.85,0,21.23
