20211201T,46.81,15.28,24.83,0,12.79
20220301T,46.78,14.65,26.91,0,11.37
20220601T,47.10,14.27,26.89,0,11.45
20220901T,47.11,13.81,27.63,0,11.45
20221201T,47.10,13.98,29.39,0,9.51
20230301T,47.08,13.32,28.92,0,10.39
20230601T,47.07,13.93,29.08,0,9.62
20230901T,47.06,14.99,29.14,0,8.52
20231201T,47.04,16.11,29.72,0,7.10
20240301T,47.01,18.29,27.76,0,6.93
20240601T,46.99,19.32,26.77,0,6.92
20240901T,46.96,21.50,25.10,0,6.44
