20210901T,74.39,4.10,6.57,0,14.94
20211201T,73.95,3.89,6.66,0,15.50
20220301T,73.95,2.82,6.60,0,16.63
20220601T,74.33,2.08,6.23,0,17.36
20220901T,74.19,2.11,11.11,0,12.58
20221201T,74.19,1.88,10.18,0,13.75
20230301T,74.19,2.15,9.67,0,13.98
20230601T,74.19,2.18,8.96,0,14.67
20230901T,74.19,1.69,8.06,0,16.05
20231201T,74.19,0.95,6.94,0,17.91
20240301T,74.19,0.83,4.88,0,20.10
20240601T,74.19,0.84,4.83,0,20.14
