20210901T,72.92,0.87,3.30,0,22.91
20211201T,72.92,0.33,3.28,0,23.47
20220301T,72.92,0.34,3.39,0,23.34
20220601T,72.52,0.60,3.22,0,23.66
20220901T,72.51,0.45,1.62,0,25.42
20221201T,72.50,0.45,1.65,0,25.40
20230301T,72.50,0.47,1.73,0,25.30
20230601T,72.39,0.48,1.54,0,25.59
20230901T,72.39,0.48,1.55,0,25.58
20231201T,69.83,0.67,3.53,0,25.97
20240301T,69.71,0.85,3.43,0,26.00
20240601T,69.55,1.05,2.16,0,27.25
