20211201T,72.99,0.00,11.03,0,15.99
20220301T,73.09,0.00,11.03,0,15.89
20220601T,73.11,0.00,11.03,0,15.87
20220901T,73.11,6.13,3.18,0,17.58
20221201T,73.11,5.79,1.61,0,19.48
20230301T,73.11,5.79,1.46,0,19.64
20230601T,73.11,4.48,1.15,0,21.26
20230901T,73.16,0.00,0.00,0,26.84
20231201T,73.17,0.04,0.48,0,26.32
20240301T,73.17,0.66,0.18,0,25.99
20240601T,73.17,0.81,0.00,0,26.01
20240901T,73.17,1.13,0.00,0,25.70
