20210901T,40.98,0.00,4.03,0,54.99
20211201T,41.34,0.00,4.03,0,54.64
20220301T,42.10,0.00,4.03,0,53.87
20220601T,42.22,0.00,4.03,0,53.75
20220901T,42.22,0.00,2.57,0,55.22
20221201T,42.43,0.00,0.00,0,57.57
20230301T,42.60,0.00,0.00,0,57.41
20230601T,42.77,0.00,0.00,0,57.23
20230901T,42.81,0.00,0.00,0,57.20
20231201T,42.66,0.01,0.00,0,57.32
20240301T,43.48,0.00,0.00,0,56.52
20240601T,43.50,0.00,0.00,0,56.49
