20211201T,53.08,0.00,0,0,46.92
20220301T,53.15,0.00,0,0,46.85
20220601T,53.24,0.00,0,0,46.76
20220901T,53.24,0.00,0,0,46.76
20221201T,53.24,0.00,0,0,46.76
20230301T,58.23,0.00,0,0,41.78
20230601T,63.23,0.12,0,0,36.64
20230901T,63.23,0.00,0,0,36.76
20231201T,63.23,0.04,0,0,36.73
20240301T,51.36,0.31,0,0,48.34
20240601T,54.27,0.00,0,0,45.72
20240701T,56.87,0.03,0,0,43.09
