20210901T,54.40,0.04,0,0,45.56
20211201T,54.40,0.01,0,0,45.59
20220301T,54.40,0.10,0,0,45.50
20220601T,54.31,0.00,0,0,45.69
20220901T,54.31,0.11,0,0,45.60
20221201T,54.31,0.01,0,0,45.70
20230301T,54.31,0.01,0,0,45.68
20230601T,54.26,0.13,0,0,45.62
20230901T,54.26,0.19,0,0,45.56
20231201T,54.26,0.05,0,0,45.70
20240301T,54.26,0.11,0,0,45.63
20240601T,54.21,0.60,0,0,45.18
