20210901T,51.45,11.60,16.02,0,20.94
20211201T,51.34,10.61,17.38,0,20.67
20220301T,51.33,9.77,18.81,0,20.08
20220601T,51.33,10.60,18.92,0,19.15
20220901T,51.31,11.42,18.34,0,18.92
20221201T,51.30,11.07,18.96,0,18.66
20230301T,51.28,11.30,19.44,0,17.98
20230601T,51.20,11.45,19.86,0,17.48
20230901T,51.19,11.87,20.18,0,16.77
20231201T,51.18,8.53,23.18,0,17.10
20240301T,51.17,9.12,22.24,0,17.47
20240601T,51.16,9.74,21.26,0,17.84
