20210901T,63.82,1.05,4.37,0,30.76
20211201T,64.90,1.00,3.14,0,30.96
20220301T,67.00,1.15,3.41,0,28.44
20220601T,67.08,1.28,3.69,0,27.95
20220901T,67.26,2.67,4.00,0,26.08
20221201T,67.64,3.08,3.76,0,25.52
20230301T,67.80,2.84,3.92,0,25.43
20230601T,67.80,5.96,4.18,0,22.05
20230901T,67.86,7.98,4.26,0,19.89
20231201T,67.86,10.50,4.19,0,17.44
20240301T,68.00,11.96,3.81,0,16.22
20240601T,68.00,9.23,5.26,0,17.49
