20210901T,44.86,1.80,0.05,0,53.28
20211201T,44.86,2.68,0.05,0,52.40
20220301T,44.86,2.90,0.05,0,52.18
20220601T,44.86,3.05,0.05,0,52.03
20220901T,44.87,2.24,0.03,0,52.86
20221201T,44.87,1.95,0.03,0,53.16
20230301T,44.87,2.17,0.03,0,52.92
20230601T,44.87,1.96,0.03,0,53.15
20230901T,44.87,0.81,0.07,0,54.24
20231201T,44.87,0.86,0.02,0,54.26
20240301T,44.87,0.79,0.02,0,54.33
20240601T,44.87,1.32,0.07,0,53.74
