20211201T,74.75,0.17,0.00,0,25.08
20220301T,74.75,0.10,0.01,0,25.15
20220601T,74.75,0.13,0.00,0,25.12
20220901T,74.75,0.20,0.00,0,25.05
20221201T,74.75,0.10,0.00,0,25.15
20230301T,74.75,0.12,0.00,0,25.12
20230601T,74.75,0.73,0.00,0,24.51
20230901T,74.75,0.96,0.00,0,24.29
20231201T,74.75,0.88,0.00,0,24.37
20240301T,74.75,0.78,0.00,0,24.48
20240601T,74.75,0.73,0.00,0,24.52
20240901T,74.75,0.64,0.00,0,24.61
