20210901T,35.05,34.93,13.43,0,16.59
20211201T,35.06,34.81,14.33,0,15.80
20220301T,35.06,29.83,15.80,0,19.31
20220601T,35.15,28.91,13.50,0,22.44
20220901T,35.18,28.36,12.18,0,24.27
20221201T,35.20,30.07,11.57,0,23.16
20230301T,35.20,30.17,13.54,0,21.11
20230601T,35.20,30.73,10.65,0,23.42
20230901T,35.20,27.08,12.25,0,25.47
20231201T,35.20,28.95,12.15,0,23.69
20240301T,35.20,31.99,9.50,0,23.32
20240601T,35.24,33.00,9.34,0,22.42
