20211201T,74.93,0.32,0,0,24.75
20220301T,74.93,0.54,0,0,24.53
20220601T,74.93,0.56,0,0,24.51
20220901T,74.93,0.55,0,0,24.52
20221201T,74.93,0.49,0,0,24.56
20230301T,74.93,1.42,0,0,23.64
20230601T,74.93,1.61,0,0,23.48
20230901T,74.93,1.70,0,0,23.36
20231201T,74.93,1.73,0,0,23.34
20240301T,74.93,1.50,0,0,23.56
20240601T,74.93,1.28,0,0,23.78
20240901T,74.93,1.35,0,0,23.73
