20210901T,61.86,0,0.01,0,37.88
20211201T,61.98,0,0.01,0,37.37
20220301T,62.36,0,0.01,0,36.99
20220601T,63.01,0,0.01,0,36.34
20220901T,63.41,0,0.01,0,35.94
20221201T,63.53,0,0.01,0,36.46
20230301T,55.36,0,0.01,0,44.63
20230601T,55.43,0,0.01,0,44.56
20230901T,55.46,0,0.01,0,44.53
20231201T,50.65,0,0.01,0,49.34
20240301T,51.61,0,0.01,0,48.37
20240601T,51.70,0,0.01,0,48.28
