20210901T,66.48,0.25,1.48,0,31.78
20211201T,66.72,0.86,1.63,0,30.79
20220301T,66.79,0.87,1.63,0,30.71
20220601T,66.87,0.83,1.63,0,30.67
20220901T,67.03,0.57,1.62,0,30.77
20221201T,67.12,0.41,1.62,0,30.84
20230301T,67.12,0.44,1.62,0,30.81
20230601T,67.12,2.39,1.67,0,28.81
20230901T,67.15,3.72,2.10,0,27.02
20231201T,67.19,3.50,2.09,0,27.19
20240301T,67.31,3.55,2.10,0,27.04
20240601T,67.31,3.57,2.09,0,27.04
