20200901T,55.65,0,0,0,44.35
20210301T,56.44,0,0,0,43.56
20210901T,56.49,0,0,0,43.51
20220301T,56.49,0,0,0,43.51
20220901T,58.26,0,0,0,41.73
20221201T,58.43,0,0,0,41.57
20230301T,55.52,0,0,0,44.47
20230601T,56.14,0,0,0,43.87
20230901T,56.14,0,0,0,43.86
20231201T,56.14,0,0,0,43.86
20240301T,56.89,0,0,0,43.10
20240601T,56.89,0,0,0,43.11
