20210901T,74.95,0.09,0.00,0,24.96
20211201T,74.95,0.32,0.01,0,24.73
20220301T,74.95,0.31,0.00,0,24.74
20220601T,74.95,0.17,0.00,0,24.88
20220901T,74.95,0.12,0.00,0,24.94
20221201T,74.95,0.10,0.00,0,24.95
20230301T,74.95,0.09,0.00,0,24.95
20230601T,74.95,0.09,0.00,0,24.95
20230901T,74.95,0.16,0.00,0,24.89
20231201T,74.95,0.09,0.00,0,24.97
20240301T,74.95,0.10,0.00,0,24.94
20240601T,74.95,0.08,0.00,0,24.97
