20210901T,59.52,25.92,8.50,0,5.87
20211201T,59.51,25.55,8.59,0,6.17
20220301T,59.49,25.11,8.76,0,6.45
20220601T,59.48,25.16,8.67,0,6.49
20220901T,59.48,25.00,9.86,0,5.46
20221201T,59.48,25.07,9.78,0,5.46
20230301T,59.42,24.97,9.99,0,5.43
20230601T,59.41,24.96,10.20,0,5.20
20230901T,59.40,25.91,9.50,0,4.99
20231201T,59.38,25.69,9.63,0,5.12
20240301T,59.34,25.55,9.78,0,5.13
20240601T,59.28,24.61,11.10,0,4.80
