20211201T,73.52,0.00,0.00,0,26.49
20220301T,73.52,0.00,0.00,0,26.48
20220601T,73.63,0.00,0.00,0,26.37
20220901T,73.71,0.00,0.00,0,26.29
20221201T,73.71,0.00,0.00,0,26.29
20230301T,74.46,0.00,0.00,0,25.54
20230601T,74.46,0.00,0.00,0,25.54
20230901T,73.84,0.00,0.00,0,26.16
20231201T,72.87,0.00,0.00,0,27.12
20240301T,71.98,0.02,0.00,0,27.99
20240601T,71.17,0.15,0.11,0,28.56
20240901T,68.45,0.29,0.07,0,31.19
