20210901T,48.25,2.64,0.53,0,48.58
20211201T,48.25,2.59,0.41,0,48.75
20220301T,48.25,3.46,0.47,0,47.82
20220601T,48.25,4.04,0.94,0,46.77
20220901T,48.60,4.06,0.95,0,46.38
20221201T,49.00,4.23,0.96,0,45.79
20230301T,43.85,15.11,1.46,0,39.57
20230601T,43.85,14.90,3.65,0,37.60
20230901T,43.85,15.07,4.02,0,37.06
20231201T,43.85,15.55,4.76,0,35.81
20240301T,43.85,15.57,5.17,0,35.40
20240601T,43.87,18.59,3.75,0,33.77
