20210901T,37.75,4.16,7.99,0,50.10
20211201T,37.59,4.84,7.22,0,50.35
20220301T,37.30,6.62,6.65,0,49.43
20220601T,37.31,8.01,5.71,0,48.96
20220901T,37.28,13.04,3.73,0,45.96
20221201T,37.27,13.25,3.90,0,45.58
20230301T,36.75,13.14,4.80,0,45.30
20230601T,36.58,13.42,5.85,0,44.14
20230901T,36.50,13.93,5.99,0,43.56
20231201T,36.48,14.10,6.41,0,43.01
20240301T,36.26,14.40,7.07,0,42.26
20240601T,36.25,14.03,7.10,0,42.59
