20210901T,47.90,0.03,0.02,0,52.04
20211201T,48.34,0.11,0.02,0,51.53
20220301T,48.34,0.11,0.02,0,51.52
20220601T,48.34,0.00,0.02,0,51.64
20220901T,48.34,0.01,0.02,0,51.62
20221201T,48.34,0.06,0.02,0,51.58
20230301T,48.34,0.00,0.02,0,51.64
20230601T,48.34,0.16,0.02,0,51.47
20230901T,48.34,0.21,0.02,0,51.41
20231201T,48.34,0.20,0.02,0,51.43
20240301T,48.34,0.21,0.02,0,51.43
20240601T,48.34,0.21,0.02,0,51.42
