20211201T,43.60,0.35,0.00,0,56.06
20220301T,43.60,0.40,0.00,0,56.01
20220601T,43.60,0.35,0.00,0,56.06
20220901T,43.21,1.83,0.13,0,54.84
20221201T,43.21,0.17,0.20,0,56.42
20230301T,43.21,0.19,0.20,0,56.40
20230601T,43.21,0.16,0.20,0,56.44
20230901T,43.21,0.22,0.20,0,56.38
20231201T,43.21,0.22,0.67,0,55.90
20240301T,43.21,0.12,0.99,0,55.69
20240601T,42.99,0.06,1.17,0,55.78
20240901T,42.99,0.06,1.17,0,55.77
