20210901T,61.98,3.71,7.42,0,26.89
20211201T,58.25,3.89,7.81,0,30.05
20220301T,58.16,4.11,5.90,0,31.83
20220601T,57.90,3.83,5.30,0,32.97
20220901T,44.00,4.33,5.25,0,46.41
20221201T,43.46,4.05,5.17,0,47.32
20230301T,42.36,4.00,5.14,0,48.50
20230601T,41.27,3.95,5.60,0,49.17
20230901T,39.39,3.91,5.50,0,51.19
20231201T,39.12,3.76,5.37,0,51.76
20240301T,32.41,3.59,10.01,0,54.00
20240601T,30.99,3.57,6.36,0,59.07
