20210901T,50.33,30.72,12.26,0,6.69
20211201T,49.50,30.06,11.35,0,9.09
20220301T,49.79,21.91,16.20,0,12.11
20220601T,49.79,23.20,14.50,0,12.52
20220901T,49.76,25.57,12.38,0,12.30
20221201T,49.76,23.86,13.30,0,13.09
20230301T,49.75,25.67,13.64,0,10.94
20230601T,49.75,25.66,14.89,0,9.69
20230901T,49.75,24.29,16.86,0,9.10
20231201T,49.74,21.66,20.73,0,7.87
20240301T,49.67,18.90,24.86,0,6.57
20240601T,49.62,18.25,27.42,0,4.69
