20210901T,72.40,0.00,0.06,0,27.54
20211201T,66.71,0.00,0.07,0,33.22
20220301T,66.71,0.00,0.07,0,33.22
20220601T,66.71,0.00,0.07,0,33.22
20220901T,66.68,0.04,0.07,0,33.20
20221201T,66.68,0.53,0.07,0,32.72
20230301T,64.80,0.58,0.07,0,34.54
20230601T,64.80,0.00,0.07,0,35.12
20230901T,64.80,0.00,0.07,0,35.13
20231201T,64.80,0.00,0.07,0,35.11
20240301T,64.80,0.00,0.07,0,35.10
20240601T,64.80,0.57,0.07,0,34.55
