20210901T,67.27,5.32,11.15,0,15.84
20211201T,67.22,5.18,10.48,0,16.73
20220301T,67.22,4.96,9.71,0,17.74
20220601T,67.20,4.91,9.66,0,17.86
20220901T,67.08,5.07,8.31,0,19.22
20221201T,67.03,4.98,8.16,0,19.49
20230301T,67.00,5.12,8.13,0,19.48
20230601T,66.95,5.24,8.29,0,19.27
20230901T,66.81,5.19,10.41,0,17.39
20231201T,66.77,5.23,10.59,0,17.21
20240301T,66.77,5.26,10.70,0,17.07
20240601T,66.76,5.34,10.45,0,17.23
