20210901T,53.36,1.40,0.00,0,45.24
20211201T,53.36,1.22,0.00,0,45.41
20220301T,53.36,1.36,0.00,0,45.28
20220601T,53.36,1.43,0.00,0,45.20
20220901T,53.36,1.13,0.00,0,45.52
20221201T,53.36,1.02,0.00,0,45.62
20230301T,53.36,1.06,0.00,0,45.58
20230601T,53.36,1.06,0.00,0,45.58
20230901T,53.36,0.99,0.00,0,45.66
20231201T,53.36,0.99,0.01,0,45.64
20240301T,53.37,0.01,0.00,0,46.62
20240601T,53.37,0.00,0.00,0,46.63
