20211201T,67.91,2.82,0.04,0,29.23
20220301T,67.91,3.00,0.04,0,29.05
20220601T,67.91,3.42,3.11,0,25.56
20220901T,67.95,3.49,3.87,0,24.69
20221201T,68.15,3.09,4.47,0,24.30
20230301T,71.77,1.56,4.13,0,22.55
20230601T,71.77,2.40,0.00,0,25.83
20230901T,71.76,1.38,0.00,0,26.85
20231201T,71.77,0.47,0.00,0,27.75
20240301T,71.39,0.34,0.00,0,28.27
20240601T,71.27,0.34,0.00,0,28.38
20240901T,71.27,0.30,0.00,0,28.44
