20211201T,56.34,0.77,21.22,0,21.68
20220301T,56.34,0.78,19.63,0,23.26
20220601T,56.34,0.82,17.99,0,24.86
20220901T,56.33,0.91,16.32,0,26.44
20221201T,56.33,1.16,16.65,0,25.85
20230301T,56.33,1.65,17.02,0,25.00
20230601T,56.33,1.64,16.59,0,25.44
20230901T,56.33,1.72,15.66,0,26.29
20231201T,56.33,1.93,14.47,0,27.27
20240301T,56.33,2.28,11.83,0,29.56
20240601T,56.33,2.85,10.72,0,30.10
20240701T,56.33,2.65,10.56,0,30.46
