20210901T,62.69,0.49,2.01,0,34.81
20211201T,62.69,0.43,2.01,0,34.86
20220301T,62.69,0.15,2.01,0,35.14
20220601T,62.69,0.15,2.01,0,35.14
20220901T,62.69,2.15,0.00,0,35.13
20221201T,62.67,2.15,0.00,0,35.16
20230301T,62.69,2.15,0.00,0,35.15
20230601T,62.69,2.15,0.00,0,35.14
20230901T,59.50,2.15,0.00,0,38.35
20231201T,59.50,2.10,0.00,0,38.41
20240301T,62.69,2.10,0.00,0,35.20
20240601T,62.69,2.03,0.00,0,35.28
