20210901T,52.69,0.02,0.00,0,47.29
20211201T,52.11,0.21,0.00,0,47.67
20220301T,52.11,0.17,0.00,0,47.71
20220601T,52.11,0.00,0.00,0,47.89
20220901T,52.11,0.00,0.00,0,47.89
20221201T,52.11,0.00,0.00,0,47.90
20230301T,52.11,0.00,0.00,0,47.90
20230601T,52.11,0.00,0.00,0,47.88
20230901T,52.11,0.00,0.25,0,47.64
20231201T,52.11,0.00,0.00,0,47.88
20240301T,52.11,0.41,0.00,0,47.47
20240601T,52.11,0.48,0.00,0,47.40
