20210901T,51.51,1.34,0.00,0,47.14
20211201T,49.36,1.25,0.00,0,49.38
20220301T,49.41,1.25,0.00,0,49.29
20220601T,49.29,1.44,0.00,0,49.23
20220901T,49.37,1.64,0.08,0,48.87
20221201T,49.37,1.57,0.34,0,48.69
20230301T,49.48,1.53,0.45,0,48.50
20230601T,49.50,1.50,0.45,0,48.51
20230901T,49.32,1.34,0.61,0,48.69
20231201T,49.32,1.30,0.26,0,49.09
20240301T,49.32,1.52,0.20,0,48.93
20240601T,49.32,1.39,0.20,0,49.05
