20211201T,47.82,0.03,0.00,0,52.15
20220301T,47.83,0.02,0.00,0,52.15
20220601T,47.83,0.01,0.00,0,52.17
20220901T,48.36,0.17,0.00,0,51.48
20221201T,48.99,0.16,0.00,0,50.86
20230301T,48.91,0.18,0.51,0,50.39
20230601T,48.88,0.83,0.59,0,49.70
20230901T,48.90,0.21,0.61,0,50.30
20231201T,49.01,0.00,1.37,0,49.62
20240301T,49.03,0.32,1.72,0,48.94
20240601T,49.09,0.13,1.68,0,49.10
20240901T,49.21,0.00,0.32,0,50.46
