20210901T,73.17,0.97,0.78,0,25.08
20211201T,73.17,2.70,0.63,0,23.50
20220301T,73.17,3.06,0.59,0,23.19
20220601T,73.17,3.29,0.44,0,23.10
20220901T,73.17,2.93,0.65,0,23.25
20221201T,73.17,1.85,0.58,0,24.40
20230301T,73.17,1.40,0.68,0,24.76
20230601T,73.17,1.23,1.18,0,24.41
20230901T,73.17,1.08,1.61,0,24.15
20231201T,73.17,1.10,1.97,0,23.75
20240301T,73.17,0.98,1.95,0,23.90
20240601T,73.17,0.99,1.59,0,24.24
