20211201T,34.54,0.91,1.16,0,63.39
20220301T,38.38,0.96,1.07,0,59.59
20220601T,36.74,0.95,4.08,0,58.24
20220901T,38.22,1.15,3.98,0,56.63
20221201T,38.22,0.89,3.74,0,57.15
20230301T,38.22,0.96,2.93,0,57.88
20230601T,38.22,1.00,2.32,0,58.45
20230901T,38.22,1.29,2.27,0,58.20
20231201T,38.22,2.11,2.21,0,57.46
20240301T,38.22,1.85,2.15,0,57.76
20240601T,38.22,1.67,2.14,0,57.96
20240801T,35.66,7.72,2.84,0,53.77
