20211201T,61.73,16.43,13.87,0,7.98
20220301T,68.16,9.81,10.51,0,11.53
20220601T,68.16,9.49,10.50,0,11.86
20220901T,68.16,8.76,10.48,0,12.53
20221201T,68.16,8.24,11.95,0,11.57
20230301T,64.77,10.87,14.74,0,9.55
20230601T,64.77,10.83,15.12,0,9.21
20230901T,64.77,11.41,14.92,0,8.84
20231201T,64.79,10.78,15.27,0,9.10
20240301T,60.36,12.44,18.15,0,8.98
20240601T,60.35,12.88,18.04,0,8.68
20240901T,58.12,13.51,19.79,0,8.51
