20210901T,55.95,20.85,17.95,0,5.25
20211201T,55.90,21.10,17.79,0,5.21
20220301T,55.80,21.09,18.04,0,5.07
20220601T,55.72,20.48,18.16,0,5.64
20220901T,55.70,20.71,17.78,0,5.80
20221201T,55.65,18.89,19.54,0,5.93
20230301T,55.63,17.72,21.00,0,5.65
20230601T,55.58,17.19,21.05,0,6.19
20230901T,55.57,16.60,22.55,0,5.27
20231201T,55.52,15.72,23.71,0,5.06
20240301T,55.45,14.84,24.63,0,5.08
20240601T,40.35,18.32,35.84,0,5.49
