20210901T,27.84,14.77,12.96,0,44.43
20211201T,27.90,14.58,12.91,0,44.61
20220301T,27.95,15.54,11.73,0,44.79
20220601T,27.94,16.05,12.46,0,43.55
20220901T,27.87,16.46,12.49,0,43.18
20221201T,27.88,18.22,11.37,0,42.53
20230301T,27.85,18.05,11.65,0,42.45
20230601T,27.77,18.77,11.71,0,41.75
20230901T,27.75,19.58,11.19,0,41.48
20231201T,27.76,19.41,11.45,0,41.39
20240301T,27.78,19.75,10.57,0,41.92
20240601T,27.77,19.08,10.74,0,42.41
