20210901T,41.62,0.00,29.80,0,28.58
20211201T,41.62,0.00,22.89,0,35.49
20220301T,41.62,0.01,18.38,0,39.99
20220601T,41.62,0.04,17.25,0,41.09
20220901T,41.61,0.01,16.64,0,41.74
20221201T,41.61,0.01,16.61,0,41.77
20230301T,41.61,0.00,16.60,0,41.79
20230601T,41.61,0.00,16.60,0,41.79
20230901T,41.61,0.00,8.96,0,49.43
20231201T,41.61,0.00,3.14,0,55.24
20240301T,41.61,0.16,3.14,0,55.08
20240601T,42.34,0.33,3.17,0,54.16
