20211201T,50.25,2.90,23.81,0,23.04
20220301T,50.26,6.19,23.46,0,20.10
20220601T,47.47,2.30,27.26,0,22.98
20220901T,47.18,3.18,27.74,0,21.90
20221201T,47.18,3.79,28.31,0,20.72
20230301T,46.63,2.51,27.57,0,23.28
20230601T,39.14,4.52,28.02,0,28.32
20230901T,39.14,8.81,24.06,0,27.98
20231201T,37.26,11.02,18.97,0,32.76
20240301T,37.26,10.57,18.07,0,34.10
20240601T,36.42,7.74,15.96,0,39.88
20240901T,36.42,7.81,17.28,0,38.49
