20211201T,74.61,0.07,3.59,0,21.73
20220301T,74.72,0.07,3.59,0,21.62
20220601T,73.82,0.03,3.27,0,22.88
20220901T,73.82,0.08,2.18,0,23.92
20221201T,73.82,0.04,2.18,0,23.96
20230301T,74.36,0.14,2.10,0,23.40
20230601T,74.70,0.06,1.52,0,23.72
20230901T,74.70,0.08,1.17,0,24.04
20231201T,74.70,0.32,1.19,0,23.78
20240301T,74.70,0.23,1.56,0,23.50
20240601T,74.70,0.20,1.74,0,23.35
20240901T,74.70,0.22,1.10,0,23.97
