20210901T,73.37,14.16,8.26,0,4.20
20211201T,73.37,13.67,8.48,0,4.48
20220301T,73.37,12.13,9.67,0,4.83
20220601T,73.37,10.96,10.48,0,5.20
20220901T,73.35,9.93,11.76,0,4.96
20221201T,73.35,10.00,12.02,0,4.62
20230301T,73.35,9.37,12.66,0,4.61
20230601T,73.35,8.70,13.73,0,4.21
20230901T,73.35,8.12,14.64,0,3.87
20231201T,73.35,8.34,14.61,0,3.72
20240301T,73.35,8.33,14.72,0,3.59
20240601T,73.35,8.68,14.55,0,3.41
