20210901T,57.13,0.05,0.06,0,42.75
20211201T,57.13,0.05,0.06,0,42.76
20220301T,57.13,0.15,0.06,0,42.66
20220601T,57.13,0.23,0.06,0,42.58
20220901T,57.13,0.02,0.06,0,42.77
20221201T,57.13,0.03,0.06,0,42.79
20230301T,57.13,0.02,0.06,0,42.79
20230601T,57.13,0.03,0.06,0,42.78
20230901T,57.13,0.05,0.06,0,42.76
20231201T,57.13,0.06,0.08,0,42.73
20240301T,56.99,0.18,0.06,0,42.76
20240601T,56.11,0.02,0.06,0,43.81
