20211201T,66.31,0.49,0.56,0,32.64
20220301T,66.31,0.56,0.56,0,32.57
20220601T,66.31,0.73,0.56,0,32.40
20220901T,66.31,0.44,0.56,0,32.69
20221201T,66.31,0.38,0.56,0,32.75
20230301T,66.44,0.35,0.56,0,32.63
20230601T,66.44,0.27,0.56,0,32.72
20230901T,66.61,0.25,0.56,0,32.58
20231201T,66.71,0.22,0.59,0,32.48
20240301T,67.03,0.14,0.59,0,32.24
20240601T,67.07,0.11,0.59,0,32.24
20240901T,67.07,0.11,0.74,0,32.09
