20211201T,71.42,0.15,0.02,0,28.41
20220301T,71.47,0.38,0.02,0,28.13
20220601T,71.54,0.49,0.02,0,27.95
20220901T,71.55,0.48,0.02,0,27.95
20221201T,71.55,0.46,0.02,0,27.97
20230301T,71.55,0.32,0.02,0,28.13
20230601T,71.55,0.31,0.02,0,28.12
20230901T,71.55,0.31,0.02,0,28.13
20231201T,71.55,0.31,0.02,0,28.12
20240301T,71.55,0.31,0.02,0,28.12
20240601T,71.65,0.34,0.02,0,27.98
20240901T,71.65,0.34,0.02,0,28.00
