20210901T,41.03,0.01,9.38,0,49.58
20211201T,41.03,0.04,7.17,0,51.76
20220301T,41.05,0.07,4.85,0,54.02
20220601T,41.07,0.11,4.62,0,54.20
20220901T,45.59,0.01,4.62,0,49.77
20221201T,45.59,0.15,4.62,0,49.62
20230301T,45.59,0.13,4.62,0,49.65
20230601T,45.59,0.07,4.62,0,49.71
20230901T,45.59,0.22,4.37,0,49.81
20231201T,45.59,0.32,4.37,0,49.72
20240301T,45.59,0.27,4.37,0,49.76
20240601T,45.59,0.21,4.37,0,49.80
