20210901T,51.28,15.22,10.34,0,23.16
20211201T,51.28,13.30,10.39,0,25.03
20220301T,51.28,18.03,8.76,0,21.93
20220601T,51.28,16.71,10.13,0,21.88
20220901T,51.28,14.69,12.58,0,21.45
20221201T,51.28,15.05,12.49,0,21.17
20230301T,51.28,15.95,13.30,0,19.48
20230601T,51.28,14.95,15.38,0,18.40
20230901T,51.28,13.68,17.47,0,17.57
20231201T,51.28,11.56,18.80,0,18.38
20240301T,51.28,8.99,18.82,0,20.93
20240601T,51.28,10.43,19.12,0,19.16
