20210901T,69.03,0.35,6.25,0,24.38
20211201T,69.03,0.40,6.24,0,24.33
20220301T,69.03,0.27,5.26,0,25.44
20220601T,69.03,0.46,0.00,0,30.51
20220901T,69.02,0.64,0.00,0,30.34
20221201T,69.25,0.82,0.00,0,29.92
20230301T,70.44,0.48,0.00,0,29.08
20230601T,70.44,0.52,0.00,0,29.03
20230901T,70.44,0.15,0.00,0,29.41
20231201T,70.44,0.79,0.00,0,28.76
20240301T,70.44,0.28,0.00,0,29.26
20240601T,70.44,0.24,0.00,0,29.32
