20210901T,20.70,8.29,5.84,0,65.17
20211201T,19.32,11.10,5.09,0,64.49
20220301T,19.32,10.35,3.89,0,66.44
20220601T,19.20,10.15,5.50,0,65.15
20220901T,19.17,10.34,5.43,0,65.06
20221201T,19.14,10.15,6.31,0,64.41
20230301T,19.05,8.58,8.19,0,64.19
20230601T,19.05,8.58,10.67,0,61.70
20230901T,19.01,10.97,9.11,0,60.92
20231201T,17.16,10.46,15.90,0,56.48
20240301T,16.43,9.44,16.80,0,57.34
20240601T,10.05,6.05,16.76,0,67.13
