20211201T,19.68,11.62,12.14,0,56.56
20220301T,19.68,8.89,12.25,0,59.18
20220601T,21.11,9.77,11.30,0,57.82
20220901T,21.99,12.80,13.10,0,52.10
20221201T,21.99,15.76,12.35,0,49.89
20230301T,22.00,19.96,12.86,0,45.16
20230601T,22.00,22.46,12.29,0,43.24
20230901T,22.00,24.18,11.03,0,42.81
20231201T,22.00,23.89,10.52,0,43.59
20240301T,22.00,27.33,10.63,0,40.03
20240601T,22.00,23.65,11.40,0,42.96
20240901T,22.00,20.86,12.34,0,44.78
