20211201T,55.80,1.52,0,0,42.68
20220301T,55.80,1.67,0,0,42.53
20220601T,55.80,1.49,0,0,42.72
20220901T,55.80,16.12,0,0,28.06
20221201T,55.80,15.99,0,0,28.20
20230301T,55.80,16.07,0,0,28.12
20230601T,55.80,16.00,0,0,28.18
20230901T,55.80,16.02,0,0,28.17
20231201T,55.80,16.12,0,0,28.05
20240301T,55.80,16.98,0,0,27.20
20240601T,55.80,16.60,0,0,27.57
20240901T,55.80,3.24,0,0,40.94
