20211201T,50.09,3.22,3.86,0,42.59
20220301T,50.09,3.36,3.85,0,42.45
20220601T,50.09,3.34,3.86,0,42.47
20220901T,50.09,7.26,0.05,0,42.36
20221201T,50.09,6.11,0.05,0,43.52
20230301T,50.09,4.42,0.05,0,45.21
20230601T,50.09,4.34,0.05,0,45.28
20230901T,50.09,4.44,0.09,0,45.13
20231201T,50.09,4.51,0.08,0,45.07
20240301T,50.09,4.54,0.05,0,45.08
20240601T,50.09,4.80,0.05,0,44.82
20240901T,50.09,4.64,0.05,0,44.99
