20210901T,74.87,0.02,0.24,0,24.87
20211201T,74.87,0.01,0.24,0,24.88
20220301T,74.87,0.17,0.24,0,24.72
20220601T,74.87,0.03,0.24,0,24.86
20220901T,74.87,0.83,0.63,0,23.66
20221201T,74.87,0.85,0.64,0,23.64
20230301T,74.87,0.88,0.58,0,23.66
20230601T,74.87,0.79,0.58,0,23.74
20230901T,74.87,1.05,0.58,0,23.49
20231201T,74.87,0.88,0.48,0,23.78
20240301T,74.87,0.90,0.48,0,23.75
20240601T,74.87,0.82,0.48,0,23.83
