20210901T,64.33,4.79,14.55,0,16.33
20211201T,64.33,0.00,18.82,0,16.85
20220301T,60.19,4.36,18.64,0,16.81
20220601T,60.19,4.28,19.33,0,16.20
20220901T,60.19,3.74,19.12,0,16.96
20221201T,60.19,3.99,18.89,0,16.93
20230301T,60.18,4.13,20.01,0,15.68
20230601T,60.18,4.30,19.87,0,15.63
20230901T,60.18,4.25,20.25,0,15.32
20231201T,56.89,4.51,22.85,0,15.75
20240301T,56.89,4.56,22.14,0,16.42
20240601T,56.89,4.65,22.54,0,15.93
