20210901T,75.00,4.27,0.23,0,20.50
20211201T,75.00,4.82,0.44,0,19.74
20220301T,75.00,4.80,0.46,0,19.74
20220601T,75.00,5.15,0.66,0,19.19
20220901T,75.00,5.41,0.63,0,18.95
20221201T,75.00,5.56,0.58,0,18.86
20230301T,75.00,5.62,0.58,0,18.80
20230601T,75.00,5.62,0.59,0,18.80
20230901T,75.00,5.64,0.04,0,19.34
20231201T,75.00,3.48,0.53,0,20.99
20240301T,75.00,3.54,0.05,0,21.42
20240601T,75.00,3.49,0.06,0,21.43
