20210901T,36.22,16.03,5.65,0,42.10
20211201T,36.22,17.21,6.17,0,40.40
20220301T,36.22,17.21,6.38,0,40.19
20220601T,36.22,17.39,6.45,0,39.94
20220901T,36.22,17.68,6.57,0,39.07
20221201T,36.14,17.70,6.54,0,39.15
20230301T,36.14,18.14,7.10,0,38.22
20230601T,36.03,20.19,6.76,0,36.62
20230901T,35.97,21.57,6.99,0,35.08
20231201T,32.80,22.69,6.02,0,38.10
20240301T,32.74,24.43,6.54,0,35.88
20240601T,32.72,25.72,6.39,0,34.77
