20210901T,73.81,0.00,0.00,0,26.19
20211201T,73.81,0.00,0.00,0,26.19
20220301T,73.81,0.01,0.00,0,26.18
20220601T,73.81,0.05,0.00,0,26.14
20220901T,73.81,0.05,0.00,0,26.13
20221201T,73.81,0.00,0.00,0,26.19
20230301T,73.53,0.00,0.00,0,26.47
20230601T,73.53,0.00,0.01,0,26.46
20230901T,73.06,0.02,0.00,0,26.93
20231201T,73.06,0.04,0.00,0,26.91
20240301T,72.74,0.10,0.00,0,27.16
20240601T,72.74,0.03,0.00,0,27.24
