20211201T,85.44,0.58,12.57,0,1.41
20220301T,85.44,0.58,12.42,0,1.56
20220601T,85.44,0.60,12.16,0,1.80
20220901T,85.44,0.60,11.90,0,2.06
20221201T,85.44,0.62,11.92,0,2.02
20230301T,85.44,0.65,11.93,0,1.98
20230601T,85.44,0.66,11.93,0,1.97
20230901T,85.44,0.69,11.93,0,1.94
20231201T,85.44,0.77,11.71,0,2.09
20240301T,85.44,0.81,11.76,0,1.98
20240601T,85.44,0.80,11.64,0,2.12
20240901T,85.44,0.86,11.28,0,2.43
