20210901T,35.12,23.64,11.30,0,29.93
20211201T,35.08,22.81,11.66,0,30.43
20220301T,35.03,21.48,12.14,0,31.34
20220601T,34.98,21.70,11.72,0,31.59
20220901T,34.88,21.21,11.88,0,32.02
20221201T,34.86,20.49,12.24,0,32.39
20230301T,34.85,20.70,13.13,0,31.31
20230601T,34.84,21.09,12.31,0,31.74
20230901T,34.81,18.77,12.72,0,33.68
20231201T,34.73,18.44,12.69,0,34.10
20240301T,34.71,18.17,12.58,0,34.50
20240601T,34.66,17.43,12.56,0,35.34
