20210901T,61.90,5.67,0,0,32.43
20211201T,61.90,5.67,0,0,32.43
20220301T,61.90,5.67,0,0,32.43
20220601T,61.90,5.67,0,0,32.43
20220901T,61.90,3.71,0,0,34.38
20221201T,61.90,2.79,0,0,35.30
20230301T,61.90,2.79,0,0,35.32
20230601T,61.90,2.79,0,0,35.31
20230901T,61.90,2.51,0,0,35.59
20231201T,61.90,2.51,0,0,35.57
20240301T,61.90,0.89,0,0,37.21
20240601T,61.90,0.90,0,0,37.20
