20210901T,61.90,5.67,0,0,32.43
20211201T,61.90,5.67,0,0,32.43
20220301T,61.90,5.69,0,0,32.40
20220601T,61.90,5.69,0,0,32.40
20220901T,61.90,3.74,0,0,34.35
20221201T,61.90,2.82,0,0,35.27
20230301T,61.90,2.82,0,0,35.28
20230601T,61.90,2.82,0,0,35.28
20230901T,61.90,0.93,0,0,37.18
20231201T,61.90,0.94,0,0,37.17
20240301T,61.90,0.95,0,0,37.15
20240601T,61.90,1.05,0,0,37.05
