20210901T,64.53,2.18,19.43,0,13.86
20211201T,64.53,2.20,19.45,0,13.82
20220301T,64.53,2.13,19.58,0,13.76
20220601T,64.53,1.93,19.82,0,13.72
20220901T,64.54,1.87,19.72,0,13.90
20221201T,64.54,1.44,19.86,0,14.16
20230301T,64.54,1.10,19.80,0,14.57
20230601T,64.54,1.02,19.84,0,14.59
20230901T,64.54,1.16,20.22,0,14.08
20231201T,64.54,1.16,20.01,0,14.31
20240301T,64.54,1.14,19.13,0,15.20
20240601T,64.54,1.08,17.69,0,16.70
