20210901T,47.46,0.00,0,0,52.54
20211201T,47.38,0.00,0,0,52.62
20220301T,47.38,0.00,0,0,52.62
20220601T,47.27,0.00,0,0,52.73
20220901T,47.23,0.00,0,0,52.77
20221201T,47.23,0.00,0,0,52.76
20230301T,47.23,0.00,0,0,52.76
20230601T,47.23,0.00,0,0,52.77
20230901T,47.23,0.00,0,0,52.78
20231201T,47.25,0.01,0,0,52.74
20240301T,47.29,0.00,0,0,52.70
20240601T,47.29,0.01,0,0,52.70
