20210901T,53.02,0.00,23.88,0,23.10
20211201T,53.02,0.01,23.88,0,23.09
20220301T,53.02,0.00,23.88,0,23.10
20220601T,53.02,0.00,23.88,0,23.10
20220901T,53.01,0.00,23.88,0,23.10
20221201T,53.01,0.00,23.88,0,23.11
20230301T,53.01,0.00,23.66,0,23.32
20230601T,53.01,0.00,22.93,0,24.05
20230901T,53.01,0.02,16.07,0,30.87
20231201T,50.18,0.02,15.89,0,33.90
20240301T,47.93,0.14,15.19,0,36.73
20240601T,47.81,0.21,14.04,0,37.92
