20210901T,60.79,6.83,21.85,0,10.53
20211201T,60.79,5.32,21.84,0,12.05
20220301T,60.79,6.88,21.81,0,10.51
20220601T,60.79,5.89,22.14,0,11.18
20220901T,60.79,5.94,20.98,0,12.27
20221201T,60.79,6.60,20.23,0,12.34
20230301T,60.79,7.33,19.39,0,12.47
20230601T,60.79,6.99,18.00,0,14.20
20230901T,60.79,8.32,17.73,0,13.16
20231201T,60.79,9.91,17.33,0,11.96
20240301T,60.79,12.60,14.09,0,12.51
20240601T,60.79,12.76,14.31,0,12.12
