20211201T,33.86,2.74,4.51,0,58.88
20220301T,33.85,2.54,4.26,0,59.35
20220601T,33.85,2.94,4.87,0,58.34
20220901T,33.84,4.46,5.11,0,56.58
20221201T,33.84,5.29,4.74,0,56.12
20230301T,33.84,5.39,5.49,0,55.27
20230601T,33.84,5.44,4.68,0,56.04
20230901T,33.84,6.36,3.61,0,56.19
20231201T,33.84,6.98,2.83,0,56.36
20240301T,33.84,7.77,3.51,0,54.87
20240601T,33.84,7.77,4.44,0,53.95
20240901T,33.79,7.91,6.15,0,52.15
