20210901T,73.55,0.63,0.01,0,25.81
20211201T,73.55,0.73,0.01,0,25.71
20220301T,73.55,0.64,0.01,0,25.80
20220601T,73.55,0.54,0.02,0,25.90
20220901T,73.55,0.45,0.01,0,25.98
20221201T,73.55,0.41,0.01,0,26.03
20230301T,73.55,0.41,0.01,0,26.03
20230601T,73.96,0.36,0.17,0,25.51
20230901T,73.97,0.21,0.01,0,25.81
20231201T,73.97,0.39,0.01,0,25.64
20240301T,73.97,0.41,0.01,0,25.62
20240601T,73.97,0.46,0.01,0,25.56
