20210901T,49.82,22.58,11.90,0,15.70
20211201T,49.82,23.00,11.81,0,15.37
20220301T,49.85,21.90,11.60,0,16.65
20220601T,49.86,21.50,11.61,0,17.04
20220901T,49.86,21.52,11.87,0,16.75
20221201T,49.90,21.32,11.76,0,17.02
20230301T,50.11,21.29,11.49,0,17.11
20230601T,50.24,21.85,11.18,0,16.73
20230901T,50.63,14.31,19.48,0,15.58
20231201T,50.67,14.31,19.69,0,15.32
20240301T,50.69,14.33,18.59,0,16.39
20240601T,50.69,13.69,17.58,0,18.05
