20210901T,55.61,5.27,0.62,0,38.50
20211201T,55.61,5.27,0.62,0,38.50
20220301T,55.61,5.20,0.61,0,38.57
20220601T,55.61,5.00,0.62,0,38.77
20220901T,55.62,4.96,0.61,0,38.82
20221201T,55.61,4.95,0.61,0,38.83
20230301T,55.61,5.08,0.61,0,38.69
20230601T,55.61,5.10,0.61,0,38.67
20230901T,55.61,4.92,0.61,0,38.86
20231201T,55.61,4.84,0.60,0,38.93
20240301T,55.61,5.01,0.05,0,39.31
20240601T,55.61,5.06,0.05,0,39.27
