20210901T,51.10,13.48,31.98,0,3.23
20211201T,51.10,14.54,30.91,0,3.28
20220301T,51.10,14.74,30.76,0,3.23
20220601T,51.10,14.00,31.33,0,3.40
20220901T,51.10,14.97,31.31,0,2.50
20221201T,51.10,15.67,30.52,0,2.61
20230301T,51.10,15.61,30.51,0,2.69
20230601T,51.10,15.80,30.20,0,2.79
20230901T,51.10,16.69,29.02,0,3.08
20231201T,51.10,17.05,28.70,0,3.04
20240301T,51.10,17.86,27.55,0,3.37
20240601T,51.10,17.68,27.55,0,3.55
