20210901T,74.17,0.06,0.01,0,25.77
20211201T,74.17,0.08,0.01,0,25.75
20220301T,74.17,0.11,0.64,0,25.09
20220601T,74.17,0.14,0.76,0,24.93
20220901T,74.17,0.14,0.76,0,24.92
20221201T,74.17,0.13,0.76,0,24.92
20230301T,74.17,0.13,0.78,0,24.91
20230601T,74.17,0.13,0.75,0,24.96
20230901T,74.17,0.11,0.61,0,25.11
20231201T,74.17,0.10,0.39,0,25.34
20240301T,74.17,0.10,0.39,0,25.33
20240601T,74.17,0.10,0.00,0,25.72
