20210901T,66.61,0.00,0,0,33.39
20211201T,68.56,0.07,0,0,31.37
20220301T,68.56,0.00,0,0,31.44
20220601T,68.56,0.00,0,0,31.44
20220901T,68.56,0.00,0,0,31.44
20221201T,68.56,0.00,0,0,31.44
20230301T,68.56,0.05,0,0,31.39
20230601T,68.56,0.00,0,0,31.45
20230901T,67.23,0.01,0,0,32.77
20231201T,67.23,0.00,0,0,32.78
20240301T,67.23,0.06,0,0,32.72
20240601T,67.23,0.02,0,0,32.76
