20210901T,67.70,22.21,7.32,0,2.76
20211201T,67.70,20.49,8.70,0,3.10
20220301T,67.70,20.26,9.09,0,2.94
20220601T,67.70,19.42,9.99,0,2.88
20220901T,67.71,18.02,11.78,0,2.49
20221201T,67.71,17.33,12.45,0,2.51
20230301T,67.71,17.77,12.11,0,2.42
20230601T,67.71,18.17,11.33,0,2.81
20230901T,67.71,17.83,11.61,0,2.84
20231201T,67.71,17.41,12.05,0,2.84
20240301T,67.71,16.96,12.83,0,2.49
20240601T,67.71,18.05,12.30,0,1.94
