20211201T,73.12,8.25,9.28,0,9.34
20220301T,73.11,7.98,9.30,0,9.61
20220601T,73.02,7.45,9.43,0,10.10
20220901T,73.00,7.22,9.36,0,10.41
20221201T,72.99,6.75,9.17,0,11.09
20230301T,72.98,7.44,8.53,0,11.06
20230601T,72.90,7.79,8.46,0,10.84
20230901T,72.81,7.74,8.57,0,10.89
20231201T,72.78,6.89,9.48,0,10.85
20240301T,72.75,6.13,10.26,0,10.85
20240601T,72.71,5.10,11.49,0,10.69
20240901T,72.69,7.73,9.91,0,9.67
