20210901T,51.74,8.65,0.08,0,39.53
20211201T,51.62,9.13,0.03,0,39.22
20220301T,50.02,8.75,0.04,0,41.20
20220601T,50.02,9.02,0.03,0,40.93
20220901T,50.02,10.41,0.04,0,39.54
20221201T,50.02,9.44,0.09,0,40.45
20230301T,50.02,9.03,0.11,0,40.85
20230601T,50.02,8.55,0.11,0,41.33
20230901T,50.02,8.01,0.14,0,41.84
20231201T,50.02,7.78,0.15,0,42.04
20240301T,50.02,8.58,0.18,0,41.24
20240601T,50.02,7.61,0.19,0,42.19
