20210901T,57.67,0.00,0.00,0,42.33
20211201T,57.67,0.00,0.00,0,42.33
20220301T,57.67,0.00,0.00,0,42.33
20220601T,57.31,0.00,0.00,0,42.69
20220901T,56.35,0.08,0.00,0,43.56
20221201T,55.56,0.00,0.00,0,44.45
20230301T,55.41,0.00,0.00,0,44.57
20230601T,55.41,0.00,0.00,0,44.58
20230901T,55.41,0.02,0.00,0,44.57
20231201T,54.72,0.29,0.00,0,44.98
20240301T,54.72,0.14,0.00,0,45.15
20240601T,54.11,0.00,1.02,0,44.87
