20210901T,74.14,9.44,2.81,0,13.61
20211201T,74.14,9.45,2.80,0,13.60
20220301T,74.14,9.85,2.76,0,13.25
20220601T,74.14,9.74,2.76,0,13.35
20220901T,74.14,9.73,2.76,0,13.36
20221201T,74.14,9.15,2.69,0,14.01
20230301T,74.14,9.00,2.40,0,14.46
20230601T,74.14,8.57,2.40,0,14.91
20230901T,74.14,7.12,2.40,0,16.35
20231201T,74.14,7.06,2.40,0,16.41
20240301T,74.14,7.09,2.40,0,16.37
20240601T,74.14,7.12,2.29,0,16.45
