20211201T,71.68,0.10,0.00,0,28.22
20220301T,71.68,0.02,0.00,0,28.30
20220601T,71.68,0.00,0.00,0,28.32
20220901T,71.68,0.02,0.00,0,28.30
20221201T,71.68,0.05,0.00,0,28.27
20230301T,71.68,0.04,0.00,0,28.28
20230601T,71.68,0.01,0.00,0,28.31
20230901T,69.09,0.02,0.00,0,30.88
20231201T,69.09,0.36,0.00,0,30.55
20240301T,69.09,0.38,0.00,0,30.53
20240601T,67.33,0.37,1.86,0,30.42
20240901T,67.01,0.06,3.92,0,28.99
