20211201T,48.33,0.25,0.00,0,51.42
20220301T,48.22,0.48,0.00,0,51.30
20220601T,48.20,0.82,0.00,0,50.97
20220901T,48.09,0.82,0.00,0,51.10
20221201T,48.08,0.82,0.00,0,51.08
20230301T,48.03,0.95,0.00,0,51.00
20230601T,48.01,0.50,0.00,0,51.48
20230901T,47.95,0.60,0.00,0,51.45
20231201T,47.94,0.42,0.01,0,51.63
20240301T,47.94,1.15,0.00,0,50.91
20240601T,47.90,0.36,0.00,0,51.75
20240901T,47.90,0.25,0.00,0,51.86
