20210901T,74.93,0.36,0.01,0,24.70
20211201T,74.93,0.35,0.00,0,24.72
20220301T,74.93,0.35,0.00,0,24.72
20220601T,74.93,0.35,0.00,0,24.72
20220901T,74.93,0.00,0.00,0,25.06
20221201T,74.89,0.00,0.00,0,25.11
20230301T,74.89,0.10,0.00,0,25.00
20230601T,74.89,0.00,0.00,0,25.10
20230901T,74.89,0.04,0.02,0,25.05
20231201T,74.89,0.01,0.05,0,25.03
20240301T,74.89,0.02,0.06,0,25.03
20240601T,74.89,0.17,0.04,0,24.90
