20210901T,65.88,0.00,0,0,34.12
20211201T,65.92,0.00,0,0,34.08
20220301T,66.12,0.18,0,0,33.69
20220601T,66.12,0.02,0,0,33.85
20220901T,66.12,0.17,0,0,33.70
20221201T,66.12,0.03,0,0,33.85
20230301T,66.33,0.00,0,0,33.65
20230601T,66.24,0.00,0,0,33.77
20230901T,66.24,0.00,0,0,33.75
20231201T,66.22,0.00,0,0,33.78
20240301T,66.27,0.02,0,0,33.69
20240601T,66.16,0.06,0,0,33.78
