20210901T,37.37,5.97,15.92,0,40.74
20211201T,37.37,6.64,15.41,0,40.59
20220301T,37.37,6.54,14.83,0,41.26
20220601T,37.90,5.83,13.32,0,42.95
20220901T,37.90,6.43,11.30,0,44.38
20221201T,37.90,6.02,11.02,0,45.04
20230301T,37.90,7.72,9.53,0,44.81
20230601T,37.90,5.87,10.64,0,45.54
20230901T,37.90,6.30,12.89,0,42.90
20231201T,37.90,6.71,13.14,0,42.26
20240301T,37.90,8.24,14.65,0,39.19
20240601T,37.90,6.96,16.62,0,38.52
