20210901T,38.52,8.74,23.78,0,28.96
20211201T,38.52,8.99,24.94,0,27.55
20220301T,38.52,8.26,26.30,0,26.92
20220601T,38.52,6.16,29.08,0,26.24
20220901T,38.42,6.12,27.02,0,28.43
20221201T,38.42,6.13,26.66,0,28.79
20230301T,38.41,5.75,27.60,0,28.23
20230601T,38.30,5.50,27.87,0,28.32
20230901T,38.30,5.69,29.98,0,26.04
20231201T,38.30,5.94,29.23,0,26.54
20240301T,38.30,6.52,27.19,0,27.97
20240601T,38.30,6.56,27.73,0,27.36
