20210901T,67.59,0.00,10.36,0,22.06
20211201T,67.59,0.03,10.12,0,22.26
20220301T,67.56,0.05,7.37,0,25.03
20220601T,67.56,0.09,6.87,0,25.48
20220901T,67.56,0.65,0.55,0,31.24
20221201T,67.56,0.38,0.69,0,31.37
20230301T,67.56,0.46,0.71,0,31.27
20230601T,67.56,0.45,0.78,0,31.21
20230901T,67.56,0.40,0.78,0,31.25
20231201T,67.56,0.69,1.92,0,29.82
20240301T,67.56,0.58,2.68,0,29.17
20240601T,67.56,0.73,2.68,0,29.04
