20211201T,38.74,0.56,10.58,0,50.12
20220301T,38.74,0.79,10.58,0,49.89
20220601T,38.74,0.86,9.40,0,51.00
20220901T,38.73,1.02,7.48,0,52.76
20221201T,38.73,1.39,9.38,0,50.49
20230301T,38.73,0.95,8.59,0,51.73
20230601T,38.73,0.94,8.59,0,51.72
20230901T,38.73,1.83,7.77,0,51.66
20231201T,38.73,0.98,3.18,0,57.11
20240301T,38.73,1.00,3.14,0,57.11
20240601T,38.73,1.04,2.90,0,57.33
20240901T,38.73,1.06,2.90,0,57.31
