20210901T,50.01,3.17,12.45,0,34.37
20211201T,50.01,3.17,12.45,0,34.37
20220301T,50.01,0.20,10.11,0,39.67
20220601T,50.01,0.20,9.63,0,40.15
20220901T,50.01,0.23,9.63,0,40.12
20221201T,50.01,0.25,9.22,0,40.52
20230301T,50.01,0.30,9.10,0,40.58
20230601T,50.01,0.32,9.15,0,40.51
20230901T,50.01,0.50,11.17,0,38.31
20231201T,50.01,1.23,10.92,0,37.82
20240301T,50.01,1.52,10.99,0,37.47
20240601T,50.01,1.66,11.01,0,37.32
