20210901T,64.33,6.80,0.02,0,28.86
20211201T,64.33,5.30,0.02,0,30.35
20220301T,64.33,5.01,0.02,0,30.64
20220601T,64.32,4.98,0.02,0,30.67
20220901T,64.33,5.04,0.02,0,30.60
20221201T,64.33,3.99,0.02,0,31.65
20230301T,64.33,1.59,0.02,0,34.06
20230601T,64.33,1.55,0.02,0,34.09
20230901T,64.33,0.05,0.02,0,35.60
20231201T,64.33,0.01,0.02,0,35.63
20240301T,64.33,0.03,0.02,0,35.63
20240601T,64.33,0.01,0.02,0,35.65
