20210901T,40.64,20.11,18.36,0,20.89
20211201T,41.02,20.21,17.23,0,21.54
20220301T,44.16,19.34,16.19,0,20.31
20220601T,44.16,19.86,14.51,0,21.47
20220901T,45.92,19.30,13.50,0,21.27
20221201T,45.92,19.59,13.46,0,21.02
20230301T,45.92,20.11,13.32,0,20.64
20230601T,46.24,19.92,14.18,0,19.65
20230901T,47.05,17.01,14.20,0,21.73
20231201T,48.86,15.66,14.15,0,21.33
20240301T,50.38,15.06,12.88,0,21.68
20240601T,51.66,13.83,12.80,0,21.71
