20210901T,72.13,3.35,0.02,0,24.50
20211201T,71.11,3.89,0.02,0,24.97
20220301T,71.11,3.80,0.30,0,24.79
20220601T,71.11,3.69,0.17,0,25.03
20220901T,70.37,2.74,0.00,0,26.89
20221201T,70.37,3.25,0.00,0,26.39
20230301T,69.87,3.20,0.00,0,26.93
20230601T,69.87,3.45,0.00,0,26.69
20230901T,69.25,5.83,0.04,0,24.89
20231201T,67.30,8.31,0.01,0,24.36
20240301T,65.83,10.03,0.01,0,24.10
20240601T,61.94,14.88,0.26,0,22.92
