20210901T,73.59,0.02,0.40,0,25.99
20211201T,73.59,0.00,0.13,0,26.28
20220301T,73.59,0.00,0.00,0,26.41
20220601T,73.59,0.00,0.00,0,26.41
20220901T,73.59,0.14,0.29,0,25.98
20221201T,73.59,0.18,0.43,0,25.81
20230301T,73.59,0.18,0.43,0,25.80
20230601T,73.59,0.22,0.54,0,25.66
20230901T,73.59,0.26,0.57,0,25.58
20231201T,73.59,0.26,0.69,0,25.46
20240301T,73.59,0.27,0.84,0,25.30
20240601T,73.47,0.26,1.07,0,25.21
