20180901T,64.91,0.00,0,0,35.09
20190301T,64.91,0.00,0,0,35.09
20190901T,64.91,0.00,0,0,35.09
20200301T,64.15,0.00,0,0,35.84
20200901T,65.80,0.00,0,0,34.21
20210301T,68.99,0.00,0,0,31.02
20210901T,71.08,0.00,0,0,28.92
20220301T,71.83,0.00,0,0,28.17
20220901T,72.87,0.43,0,0,26.70
20230301T,73.04,0.43,0,0,26.53
20230901T,73.03,0.43,0,0,26.54
20240301T,73.03,0.43,0,0,26.54
