20210901T,39.35,0.00,0,0,60.65
20211201T,40.75,0.00,0,0,59.25
20220301T,41.08,0.00,0,0,58.92
20220601T,41.08,0.00,0,0,58.92
20220901T,39.86,0.25,0,0,59.88
20221201T,39.54,0.00,0,0,60.47
20230301T,39.49,0.00,0,0,60.51
20230601T,39.17,0.01,0,0,60.83
20230901T,37.31,0.08,0,0,62.61
20231201T,36.85,0.03,0,0,62.50
20240301T,36.85,0.02,0,0,63.13
20240601T,36.42,0.17,0,0,63.40
