20211201T,66.65,3.80,0.60,0,28.94
20220301T,66.65,3.79,0.60,0,28.94
20220601T,66.52,3.84,0.59,0,29.03
20220901T,66.52,3.69,0.59,0,29.17
20221201T,66.37,3.58,0.59,0,29.38
20230301T,66.29,3.49,0.59,0,29.53
20230601T,66.16,2.99,0.57,0,30.16
20230901T,66.00,2.97,0.66,0,30.24
20231201T,65.84,3.42,0.64,0,29.99
20240301T,65.81,3.72,0.85,0,29.49
20240601T,65.73,3.69,0.91,0,29.50
20240901T,61.69,5.23,5.30,0,27.62
