20210901T,50.00,32.13,4.65,0,13.22
20211201T,50.00,34.06,3.23,0,12.71
20220301T,50.00,33.60,3.38,0,13.02
20220601T,50.00,34.83,2.93,0,12.24
20220901T,50.00,34.83,4.05,0,11.11
20221201T,50.00,34.85,4.11,0,11.03
20230301T,50.00,34.81,4.55,0,10.66
20230601T,50.00,34.27,4.97,0,10.77
20230901T,50.00,33.31,5.93,0,10.76
20231201T,50.00,26.82,10.95,0,12.21
20240301T,50.00,26.22,11.37,0,12.41
20240601T,50.00,25.58,12.86,0,11.56
