20210901T,63.92,2.07,15.15,0,18.86
20211201T,63.92,2.13,15.03,0,18.92
20220301T,63.92,2.20,15.06,0,18.82
20220601T,63.92,2.55,14.83,0,18.70
20220901T,63.92,2.55,14.88,0,18.65
20221201T,63.92,2.77,14.93,0,18.39
20230301T,63.92,2.80,14.89,0,18.38
20230601T,63.92,2.81,14.89,0,18.37
20230901T,63.92,2.82,15.00,0,18.24
20231201T,63.92,3.03,15.15,0,17.87
20240301T,63.92,3.32,15.32,0,17.42
20240601T,63.92,3.22,15.83,0,17.00
