20211201T,65.71,1.03,0.00,0,33.26
20220301T,65.71,0.99,0.00,0,33.30
20220601T,65.71,0.98,0.00,0,33.31
20220901T,65.24,2.68,1.56,0,30.27
20221201T,61.33,2.32,6.47,0,29.86
20230301T,61.33,1.97,7.17,0,29.53
20230601T,61.20,3.13,7.13,0,28.32
20230901T,53.59,8.96,12.63,0,24.62
20231201T,53.59,10.77,12.36,0,23.27
20240301T,53.70,11.02,10.94,0,24.33
20240601T,53.56,11.07,9.89,0,25.22
20240701T,53.56,10.78,10.24,0,25.16
