20211201T,66.58,5.81,1.20,0,26.40
20220301T,66.58,5.66,1.43,0,26.32
20220601T,66.58,5.59,1.45,0,26.37
20220901T,66.58,5.33,1.29,0,26.79
20221201T,66.58,5.25,1.22,0,26.95
20230301T,66.58,5.17,1.24,0,27.01
20230601T,66.58,5.03,1.05,0,27.32
20230901T,66.58,5.30,0.50,0,27.61
20231201T,66.23,5.25,0.43,0,28.09
20240301T,66.19,5.45,0.49,0,27.87
20240601T,66.17,5.39,0.61,0,27.84
20240701T,63.21,4.74,5.69,0,26.35
