20211201T,45.43,31.60,18.61,0,4.35
20220301T,47.33,30.69,17.46,0,4.52
20220601T,47.32,31.60,16.68,0,4.40
20220901T,47.31,30.60,17.61,0,4.48
20221201T,47.31,29.27,19.02,0,4.40
20230301T,47.30,30.38,18.05,0,4.26
20230601T,47.29,28.56,19.93,0,4.22
20230901T,47.29,30.01,18.51,0,4.18
20231201T,47.28,30.80,17.70,0,4.22
20240301T,47.28,32.82,15.79,0,4.12
20240601T,47.27,35.41,13.33,0,3.98
20240901T,47.26,35.44,13.17,0,4.11
