20210901T,55.26,0,9.35,0,34.80
20211201T,55.26,0,9.33,0,34.82
20220301T,55.96,0,9.33,0,34.12
20220601T,56.59,0,9.21,0,33.61
20220901T,58.54,0,7.22,0,33.64
20221201T,60.93,0,4.23,0,34.24
20230301T,60.93,0,3.84,0,34.64
20230601T,61.18,0,3.71,0,34.51
20230901T,61.71,0,3.67,0,34.02
20231201T,62.25,0,3.67,0,33.48
20240301T,62.50,0,3.67,0,33.23
20240601T,62.50,0,3.67,0,33.23
