20211201T,64.27,1.33,0.22,0,34.18
20220301T,63.77,1.35,0.22,0,34.66
20220601T,63.90,1.31,0.22,0,34.57
20220901T,63.82,1.32,0.22,0,34.65
20221201T,63.60,0.76,0.22,0,35.43
20230301T,63.37,0.75,0.22,0,35.65
20230601T,63.37,0.75,0.22,0,35.65
20230901T,64.21,0.76,0.22,0,34.82
20231201T,64.38,0.82,0.00,0,34.80
20240301T,64.38,0.84,0.00,0,34.79
20240601T,64.38,0.73,0.00,0,34.88
20240901T,64.38,0.65,0.00,0,34.97
