20211201T,73.15,1.19,11.61,0,14.05
20220301T,73.15,1.36,11.60,0,13.89
20220601T,73.15,0.99,11.45,0,14.41
20220901T,73.15,1.22,12.29,0,13.33
20221201T,73.15,1.71,12.98,0,12.16
20230301T,73.15,1.71,13.53,0,11.61
20230601T,73.15,1.82,13.44,0,11.57
20230901T,73.15,2.65,13.80,0,10.41
20231201T,73.15,3.10,13.74,0,10.00
20240301T,73.15,4.82,12.37,0,9.67
20240601T,73.15,5.51,10.76,0,10.57
20240901T,70.08,8.42,11.61,0,9.89
