20210901T,32.58,25.95,3.11,0,38.37
20211201T,32.57,24.30,2.49,0,40.64
20220301T,32.57,23.96,2.33,0,41.14
20220601T,32.57,23.96,2.38,0,41.09
20220901T,32.57,23.24,3.28,0,40.90
20221201T,32.53,23.64,2.98,0,40.85
20230301T,32.52,24.29,3.65,0,39.53
20230601T,28.15,24.77,7.60,0,39.48
20230901T,28.14,24.81,7.72,0,39.32
20231201T,28.13,24.70,7.86,0,39.32
20240301T,28.13,25.00,6.88,0,39.98
20240601T,28.13,17.89,10.95,0,43.04
