20210901T,56.07,11.57,28.33,0,4.03
20211201T,56.07,10.88,28.92,0,4.13
20220301T,56.07,9.99,26.83,0,7.11
20220601T,56.07,10.48,28.57,0,4.88
20220901T,56.07,9.77,29.10,0,5.06
20221201T,56.07,9.32,29.58,0,5.04
20230301T,56.07,9.52,29.39,0,5.03
20230601T,56.07,10.26,28.50,0,5.18
20230901T,56.07,10.78,28.10,0,5.06
20231201T,56.07,10.98,27.24,0,5.72
20240301T,56.07,11.85,26.96,0,5.12
20240601T,56.07,10.83,26.36,0,6.75
