20211201T,48.74,0.00,0.00,0,51.26
20220301T,48.74,0.00,0.00,0,51.26
20220601T,48.89,0.00,0.00,0,51.11
20220901T,48.86,1.03,0.00,0,50.13
20221201T,48.86,0.12,0.00,0,51.03
20230301T,48.88,0.00,0.00,0,51.12
20230601T,48.88,0.13,0.00,0,50.98
20230901T,48.88,0.01,0.00,0,51.11
20231201T,48.89,0.18,0.00,0,50.93
20240301T,48.90,0.22,0.00,0,50.89
20240601T,45.14,0.02,0.00,0,54.83
20240801T,43.64,0.53,0.14,0,55.69
