20210901T,62.43,0.97,0.24,0,36.36
20211201T,62.43,1.00,0.25,0,36.33
20220301T,62.43,0.96,0.25,0,36.36
20220601T,62.43,0.96,0.25,0,36.36
20220901T,62.43,1.02,0.24,0,36.30
20221201T,62.43,0.48,0.24,0,36.85
20230301T,62.43,0.48,0.24,0,36.85
20230601T,62.43,0.51,0.24,0,36.81
20230901T,62.43,0.48,0.24,0,36.84
20231201T,62.43,0.48,0.24,0,36.84
20240301T,62.43,0.20,0.24,0,37.14
20240601T,62.43,0.00,0.24,0,37.33
