20210901T,56.66,1.68,6.10,0,35.56
20211201T,56.66,1.73,9.82,0,31.79
20220301T,56.66,2.39,10.22,0,30.73
20220601T,56.66,2.77,9.86,0,30.71
20220901T,56.66,2.82,9.89,0,30.63
20221201T,56.66,3.65,10.19,0,29.49
20230301T,56.66,3.63,10.34,0,29.36
20230601T,56.66,3.66,10.34,0,29.34
20230901T,56.66,3.95,10.38,0,29.00
20231201T,56.66,4.05,10.25,0,29.03
20240301T,56.66,4.27,11.16,0,27.93
20240601T,56.66,5.32,13.14,0,24.89
