20210901T,42.36,21.17,3.54,0,32.93
20211201T,42.65,18.82,3.56,0,34.97
20220301T,42.36,19.43,3.53,0,34.67
20220601T,42.36,19.58,3.53,0,34.52
20220901T,42.36,23.21,0.05,0,34.39
20221201T,42.36,23.28,0.05,0,34.31
20230301T,42.36,23.31,0.05,0,34.28
20230601T,42.36,23.27,0.05,0,34.32
20230901T,42.36,22.91,0.05,0,34.70
20231201T,42.36,22.85,0.05,0,34.74
20240301T,42.36,22.64,0.05,0,34.96
20240601T,47.26,12.89,0.70,0,39.16
