20210901T,75.00,4.71,1.93,0,18.36
20211201T,75.00,4.96,1.59,0,18.45
20220301T,75.00,4.71,1.50,0,18.79
20220601T,75.00,5.10,1.52,0,18.38
20220901T,75.00,4.95,7.12,0,12.91
20221201T,75.00,4.90,7.55,0,12.55
20230301T,75.00,4.81,7.88,0,12.31
20230601T,75.00,4.52,8.08,0,12.38
20230901T,75.00,4.32,8.02,0,12.63
20231201T,75.00,4.06,8.49,0,12.44
20240301T,75.00,3.48,9.70,0,11.81
20240601T,75.00,5.02,8.53,0,11.44
