20210901T,51.34,27.87,8.38,0,12.41
20211201T,51.34,28.19,8.42,0,12.05
20220301T,51.34,29.35,16.02,0,3.29
20220601T,51.34,30.25,15.17,0,3.24
20220901T,51.34,31.70,13.79,0,3.17
20221201T,51.34,32.76,12.73,0,3.18
20230301T,51.34,32.30,13.39,0,2.99
20230601T,51.34,33.14,12.55,0,2.95
20230901T,51.34,32.01,13.21,0,3.44
20231201T,51.34,30.51,14.77,0,3.37
20240301T,51.34,29.82,15.26,0,3.58
20240601T,51.34,28.73,16.32,0,3.61
