20210901T,64.87,2.59,0,0,32.54
20211201T,64.87,4.41,0,0,30.72
20220301T,64.87,5.85,0,0,29.28
20220601T,64.87,5.74,0,0,29.39
20220901T,64.88,5.78,0,0,29.34
20221201T,65.01,5.73,0,0,29.28
20230301T,65.01,5.70,0,0,29.30
20230601T,65.01,5.70,0,0,29.30
20230901T,65.01,5.70,0,0,29.30
20231201T,65.01,5.70,0,0,29.29
20240301T,65.01,5.75,0,0,29.23
20240601T,64.60,5.67,0,0,29.73
