20211201T,39.42,2.18,0,0,58.33
20220301T,33.10,0.00,0,0,66.84
20220601T,33.10,0.00,0,0,66.84
20220901T,33.09,0.00,0,0,66.83
20221201T,33.30,0.00,0,0,66.56
20230301T,33.38,0.00,0,0,66.48
20230601T,33.41,0.00,0,0,66.44
20230901T,33.48,0.00,0,0,66.38
20231201T,33.51,0.00,0,0,66.34
20240301T,33.52,0.08,0,0,66.40
20240601T,33.52,0.06,0,0,66.41
20240901T,33.55,0.00,0,0,66.45
