20210901T,59.67,0.16,0.00,0,40.17
20211201T,59.67,0.58,0.00,0,39.75
20220301T,59.67,0.84,0.00,0,39.49
20220601T,59.67,0.80,0.00,0,39.53
20220901T,59.67,0.70,0.04,0,39.57
20221201T,59.67,0.73,0.07,0,39.52
20230301T,59.67,0.61,0.02,0,39.70
20230601T,57.93,0.47,0.00,0,41.60
20230901T,57.93,0.11,0.00,0,41.96
20231201T,57.93,0.02,0.00,0,42.04
20240301T,57.93,0.14,0.00,0,41.94
20240601T,57.93,0.31,0.00,0,41.76
