20210901T,41.33,0.49,3.46,0,54.71
20211201T,41.33,0.27,3.46,0,54.94
20220301T,41.33,0.28,3.46,0,54.93
20220601T,41.33,0.19,3.37,0,55.11
20220901T,41.33,0.28,3.35,0,55.03
20221201T,41.33,0.27,3.36,0,55.04
20230301T,41.33,0.17,3.42,0,55.08
20230601T,41.33,0.26,3.31,0,55.08
20230901T,41.33,0.45,7.61,0,50.61
20231201T,41.33,0.32,9.27,0,49.08
20240301T,41.33,0.27,10.27,0,48.11
20240601T,41.33,0.62,9.43,0,48.60
