20210901T,0,3.87,0.05,0,96.08
20211201T,0,3.42,0.05,0,96.53
20220301T,0,4.47,0.05,0,95.48
20220601T,0,4.89,0.05,0,95.06
20220901T,0,4.86,0.04,0,95.09
20221201T,0,5.34,0.04,0,94.61
20230301T,0,5.85,0.04,0,94.10
20230601T,0,5.59,0.04,0,94.37
20230901T,0,8.45,0.04,0,91.50
20231201T,0,7.04,0.04,0,92.91
20240301T,0,5.88,0.04,0,94.08
20240601T,0,6.04,4.85,0,89.12
