20211201T,47.86,11.14,0,0,40.99
20220301T,48.05,11.05,0,0,40.90
20220601T,48.13,11.02,0,0,40.85
20220901T,48.12,1.73,0,0,50.15
20221201T,48.13,1.54,0,0,50.32
20230301T,48.54,1.55,0,0,49.91
20230601T,48.54,1.54,0,0,49.92
20230901T,48.54,1.34,0,0,50.11
20231201T,68.38,2.41,0,0,29.21
20240301T,65.80,4.12,0,0,30.07
20240601T,64.86,4.07,0,0,31.08
20240901T,59.85,7.27,0,0,32.88
