20211001T,73.23,0.00,0.00,0,26.77
20220301T,74.59,0.00,0.00,0,25.41
20220601T,74.59,0.00,0.00,0,25.40
20220901T,74.59,0.00,0.00,0,25.41
20221201T,66.77,0.00,0.22,0,33.02
20230301T,66.77,0.00,0.22,0,33.02
20230601T,66.77,0.00,0.22,0,33.02
20230901T,66.81,0.00,0.22,0,32.98
20231201T,66.85,0.02,0.22,0,32.92
20240301T,64.60,0.00,0.75,0,34.65
20240601T,64.60,0.00,0.70,0,34.70
20240901T,64.60,0.00,0.49,0,34.92
