20211201T,74.87,3.35,6.93,0,14.85
20220301T,74.87,3.29,6.22,0,15.61
20220601T,74.87,3.34,5.46,0,16.33
20220901T,74.87,3.42,4.33,0,17.37
20221201T,74.87,3.46,4.11,0,17.55
20230301T,74.87,3.50,4.37,0,17.26
20230601T,74.87,3.58,4.64,0,16.91
20230901T,74.87,3.72,4.85,0,16.56
20231201T,74.87,3.91,5.10,0,16.11
20240301T,74.87,3.88,5.05,0,16.20
20240601T,74.87,3.63,5.94,0,15.56
20240901T,74.87,3.67,6.02,0,15.42
