20211201T,70.16,1.71,5.72,0,22.41
20220301T,70.20,1.78,4.77,0,23.24
20220601T,70.39,1.89,4.82,0,22.90
20220901T,70.45,1.97,4.40,0,23.18
20221201T,67.54,2.27,4.15,0,26.03
20230301T,67.59,2.47,4.51,0,25.43
20230601T,66.22,4.20,5.33,0,24.26
20230901T,66.22,4.23,5.35,0,24.20
20231201T,66.22,3.30,5.01,0,25.48
20240301T,66.22,2.31,4.53,0,26.94
20240601T,60.14,7.02,10.45,0,22.39
20240901T,60.14,8.58,10.94,0,20.35
