20211201T,75.00,16.31,2.03,0,6.66
20220301T,75.00,16.38,1.98,0,6.64
20220601T,75.00,16.35,1.90,0,6.75
20220901T,75.00,16.34,1.57,0,7.07
20221201T,75.00,16.35,0.83,0,7.81
20230301T,75.00,16.36,0.70,0,7.94
20230601T,74.99,16.32,0.39,0,8.29
20230901T,75.00,16.34,0.41,0,8.25
20231201T,75.00,16.49,0.40,0,8.10
20240301T,75.00,16.65,0.43,0,7.92
20240601T,75.00,16.99,0.95,0,7.05
20240901T,75.00,17.17,0.83,0,6.99
