20210901T,17.04,37.83,26.00,0,19.13
20211201T,17.02,31.91,28.28,0,22.79
20220301T,17.01,33.31,27.45,0,22.23
20220601T,16.99,36.56,26.19,0,20.26
20220901T,16.97,36.40,27.02,0,19.61
20221201T,16.94,42.00,24.99,0,16.08
20230301T,27.46,31.20,30.20,0,11.14
20230601T,27.62,26.83,33.15,0,12.42
20230901T,27.84,23.26,37.19,0,11.72
20231201T,27.84,21.83,39.22,0,11.10
20240301T,27.84,16.80,40.21,0,15.14
20240601T,27.84,18.07,38.78,0,15.29
