20210901T,72.99,0.97,0.00,0,26.04
20211201T,72.92,1.57,0.00,0,25.51
20220301T,72.86,1.77,0.00,0,25.37
20220601T,72.84,1.74,0.00,0,25.42
20220901T,72.78,1.76,0.00,0,25.45
20221201T,73.08,2.17,0.00,0,24.76
20230301T,73.08,2.04,0.00,0,24.89
20230601T,73.08,2.02,0.00,0,24.91
20230901T,73.06,1.56,1.13,0,24.23
20231201T,72.76,1.66,1.44,0,24.13
20240301T,72.48,1.65,2.06,0,23.81
20240601T,72.44,1.54,2.41,0,23.61
