20210901T,63.65,0.00,0.00,0,36.35
20211201T,63.65,0.00,0.00,0,36.35
20220301T,63.65,0.00,1.47,0,34.88
20220601T,63.65,0.00,1.59,0,34.75
20220901T,63.65,0.01,1.42,0,34.91
20221201T,63.73,0.00,0.00,0,36.27
20230301T,63.73,0.01,0.00,0,36.25
20230601T,63.73,0.04,0.00,0,36.24
20230901T,63.73,0.06,0.00,0,36.21
20231201T,63.73,0.08,0.00,0,36.19
20240301T,63.73,0.08,0.00,0,36.18
20240601T,63.73,0.04,0.00,0,36.23
