20211201T,40.27,20.48,18.61,0,20.64
20220301T,40.27,19.28,19.24,0,21.21
20220601T,40.27,18.35,20.26,0,21.13
20220901T,40.27,18.86,22.85,0,18.01
20221201T,40.27,18.94,23.23,0,17.57
20230301T,40.27,18.63,23.51,0,17.59
20230601T,40.27,18.26,23.76,0,17.71
20230901T,40.26,18.18,23.92,0,17.63
20231201T,40.26,19.01,23.99,0,16.75
20240301T,40.26,18.58,24.72,0,16.45
20240601T,40.26,18.82,24.47,0,16.44
20240901T,40.24,18.60,24.71,0,16.45
