20210901T,74.05,0.14,5.47,0,20.34
20211201T,74.05,0.14,5.47,0,20.34
20220301T,74.05,0.16,5.47,0,20.31
20220601T,74.05,0.13,5.47,0,20.35
20220901T,74.05,0.14,5.47,0,20.34
20221201T,74.05,0.09,5.47,0,20.40
20230301T,74.05,0.00,5.06,0,20.89
20230601T,74.05,0.00,4.90,0,21.06
20230901T,74.05,0.00,1.40,0,24.55
20231201T,74.05,0.04,0.00,0,25.91
20240301T,74.05,0.28,0.00,0,25.67
20240601T,74.05,0.03,0.00,0,25.92
