20210901T,72.84,2.59,5.96,0,18.60
20211201T,72.84,2.47,4.74,0,19.95
20220301T,72.84,0.54,3.88,0,22.73
20220601T,72.84,0.26,4.12,0,22.78
20220901T,72.84,0.38,4.77,0,21.99
20221201T,72.84,1.03,4.19,0,21.94
20230301T,72.84,1.05,4.12,0,21.97
20230601T,72.84,1.32,2.20,0,23.64
20230901T,72.84,1.46,3.54,0,22.14
20231201T,72.84,1.45,3.39,0,22.31
20240301T,72.84,2.20,2.64,0,22.32
20240601T,72.84,2.15,2.86,0,22.14
