20211201T,54.05,17.84,11.45,0,16.66
20220301T,54.05,17.72,11.43,0,16.80
20220601T,54.05,17.70,11.39,0,16.87
20220901T,54.05,17.62,11.35,0,16.97
20221201T,54.05,17.67,11.27,0,17.00
20230301T,54.05,17.60,11.26,0,17.08
20230601T,54.05,16.50,11.16,0,18.29
20230901T,54.05,15.38,11.08,0,19.49
20231201T,54.55,15.78,11.07,0,18.60
20240301T,54.55,15.08,11.08,0,19.28
20240601T,54.55,14.72,11.12,0,19.61
20240901T,54.55,14.81,11.09,0,19.55
