20210901T,50.09,6.56,16.19,0,26.75
20211201T,50.09,6.03,16.41,0,27.06
20220301T,50.09,6.08,16.07,0,27.35
20220601T,50.09,6.02,15.16,0,28.32
20220901T,50.09,6.01,15.27,0,28.20
20221201T,50.09,7.00,14.87,0,27.63
20230301T,50.09,7.09,14.47,0,27.92
20230601T,50.09,7.69,13.51,0,28.28
20230901T,55.08,8.23,14.44,0,21.84
20231201T,55.08,9.21,12.83,0,22.45
20240301T,55.08,9.20,12.77,0,22.54
20240601T,55.08,9.46,13.26,0,21.79
