20210901T,54.03,2.99,3.51,0,39.28
20211201T,54.03,2.99,3.51,0,39.27
20220301T,53.97,3.03,3.51,0,39.29
20220601T,53.97,3.02,3.51,0,39.31
20220901T,53.97,2.94,3.51,0,39.58
20221201T,53.97,1.98,3.51,0,40.54
20230301T,53.88,1.16,3.50,0,41.45
20230601T,53.88,0.73,3.50,0,41.89
20230901T,53.88,0.71,4.24,0,41.16
20231201T,53.88,0.90,4.18,0,41.04
20240301T,54.81,0.85,4.18,0,40.16
20240601T,54.81,0.98,4.18,0,40.03
