20210901T,73.00,0.00,0.00,0,27.00
20211201T,73.00,0.00,0.00,0,27.00
20220301T,73.00,0.00,0.00,0,27.00
20220601T,73.04,0.00,0.00,0,26.96
20220901T,73.04,0.42,0.00,0,26.53
20221201T,73.04,0.59,0.00,0,26.35
20230301T,73.04,0.57,0.00,0,26.38
20230601T,73.04,0.57,0.00,0,26.40
20230901T,73.04,0.15,0.00,0,26.80
20231201T,73.04,0.07,0.01,0,26.89
20240301T,73.04,0.03,0.00,0,26.92
20240601T,73.04,0.20,0.00,0,26.75
