20210901T,49.12,7.25,4.15,0,39.48
20211201T,49.04,9.58,4.66,0,36.72
20220301T,49.16,10.21,4.69,0,35.94
20220601T,49.16,14.18,4.90,0,31.76
20220901T,49.15,14.97,5.12,0,30.77
20221201T,49.15,16.28,4.97,0,29.58
20230301T,49.15,16.72,5.10,0,29.03
20230601T,49.11,17.76,5.50,0,27.62
20230901T,49.11,17.71,6.00,0,27.14
20231201T,49.11,14.39,7.88,0,28.59
20240301T,49.11,14.50,8.78,0,27.59
20240601T,49.01,15.56,9.29,0,26.10
