20210901T,52.56,16.63,5.22,0,25.59
20211201T,52.52,17.35,4.34,0,25.79
20220301T,40.96,28.76,7.69,0,22.60
20220601T,40.91,27.06,8.92,0,23.11
20220901T,40.90,28.16,9.04,0,21.90
20221201T,40.82,27.82,9.81,0,21.56
20230301T,40.81,27.51,9.92,0,21.76
20230601T,40.80,27.37,9.68,0,22.13
20230901T,15.43,29.92,22.21,0,32.43
20231201T,15.39,26.90,23.67,0,34.04
20240301T,15.39,24.86,23.15,0,36.61
20240601T,15.33,18.78,28.37,0,37.51
