20210901T,68.60,0.00,9.56,0,21.84
20211201T,68.60,0.00,8.70,0,22.71
20220301T,70.93,0.00,4.75,0,24.32
20220601T,70.93,0.01,3.56,0,25.50
20220901T,70.93,0.13,3.56,0,25.39
20221201T,70.93,0.00,3.56,0,25.53
20230301T,70.93,0.00,3.56,0,25.52
20230601T,70.93,0.00,3.56,0,25.53
20230901T,70.93,0.08,3.56,0,25.45
20231201T,70.93,0.34,3.58,0,25.17
20240301T,70.93,0.01,3.56,0,25.53
20240601T,70.93,0.09,4.07,0,24.91
