20210901T,0,39.01,15.47,0,45.52
20211201T,0,40.05,16.24,0,43.71
20220301T,0,39.40,16.14,0,44.46
20220601T,0,38.74,16.51,0,44.75
20220901T,0,37.94,16.50,0,45.56
20221201T,0,60.78,16.66,0,22.56
20230301T,0,60.50,16.68,0,22.82
20230601T,0,59.22,17.40,0,23.36
20230901T,0,56.26,17.38,0,26.34
20231201T,0,56.99,17.92,0,25.05
20240301T,0,58.09,18.57,0,23.29
20240601T,0,57.87,18.14,0,23.99
