20211201T,49.72,0.29,0.00,0,49.99
20220301T,50.21,0.26,0.00,0,49.53
20220601T,50.21,0.00,0.00,0,49.78
20220901T,50.21,0.29,0.00,0,49.50
20221201T,52.70,0.00,0.00,0,47.30
20230301T,52.70,0.07,0.00,0,47.23
20230601T,52.70,0.68,0.15,0,46.47
20230901T,53.33,0.41,0.10,0,46.17
20231201T,53.27,0.20,0.00,0,46.53
20240301T,55.28,0.22,0.00,0,44.50
20240601T,55.28,0.20,0.00,0,44.51
20240701T,57.13,0.29,0.00,0,42.57
