20211201T,70.78,3.81,7.08,0,18.33
20220301T,70.78,3.22,6.94,0,19.06
20220601T,70.78,3.15,7.07,0,19.00
20220901T,70.78,3.11,7.43,0,18.68
20221201T,71.02,2.99,7.64,0,18.34
20230301T,71.25,2.82,7.96,0,17.98
20230601T,71.27,2.87,8.34,0,17.51
20230901T,71.27,3.24,8.53,0,16.96
20231201T,71.27,3.39,8.86,0,16.47
20240301T,71.27,3.32,9.33,0,16.07
20240601T,71.27,3.36,9.54,0,15.82
20240901T,71.27,3.41,9.99,0,15.33
