20210901T,67.68,1.33,0.00,0,30.99
20211201T,67.68,1.43,0.00,0,30.89
20220301T,67.68,1.39,0.00,0,30.92
20220601T,67.69,1.52,0.00,0,30.80
20220901T,67.69,1.66,0.00,0,30.66
20221201T,67.69,1.66,0.00,0,30.66
20230301T,67.69,1.66,0.00,0,30.65
20230601T,67.69,1.24,0.00,0,31.08
20230901T,67.69,0.00,0.00,0,32.31
20231201T,67.69,0.57,1.80,0,29.95
20240301T,67.69,0.11,0.00,0,32.22
20240601T,67.69,0.04,0.00,0,32.27
