20210901T,0,18.75,1.42,0,79.83
20211201T,0,19.31,1.47,0,79.22
20220301T,0,19.59,2.38,0,78.03
20220601T,0,18.99,3.82,0,77.19
20220901T,0,19.60,5.63,0,74.77
20221201T,0,18.79,7.18,0,74.02
20230301T,0,18.30,7.42,0,74.27
20230601T,0,19.48,7.00,0,73.52
20230901T,0,11.75,7.84,0,80.41
20231201T,0,9.89,7.75,0,82.36
20240301T,0,7.91,8.17,0,83.92
20240601T,0,8.49,10.99,0,80.51
