20211201T,37.13,18.01,21.01,0,23.85
20220301T,37.13,17.91,19.71,0,25.24
20220601T,37.13,16.31,16.64,0,29.91
20220901T,37.13,18.84,16.86,0,27.15
20221201T,37.13,16.64,16.96,0,29.26
20230301T,37.13,14.55,18.03,0,30.28
20230601T,37.13,13.41,19.55,0,29.91
20230901T,37.13,15.29,18.40,0,29.17
20231201T,37.13,13.78,19.09,0,29.98
20240301T,37.13,13.95,19.57,0,29.34
20240601T,37.13,14.04,18.79,0,30.02
20240901T,37.13,12.90,19.91,0,30.06
