20210901T,49.58,2.39,1.56,0,46.46
20211201T,49.58,2.19,1.56,0,46.67
20220301T,49.58,2.19,1.56,0,46.67
20220601T,48.78,2.19,1.56,0,47.46
20220901T,48.64,2.19,1.55,0,47.60
20221201T,48.64,2.19,1.55,0,47.61
20230301T,48.64,2.19,1.55,0,47.60
20230601T,43.61,0.39,1.55,0,54.44
20230901T,0.74,0.39,1.55,0,97.30
20231201T,0.74,0.39,1.55,0,97.31
20240301T,0.74,0.39,1.55,0,97.32
20240601T,0.74,0.00,1.55,0,97.69
