20210901T,66.49,0.60,12.09,0,20.82
20211201T,70.19,0.38,9.32,0,20.11
20220301T,70.19,0.64,9.18,0,19.99
20220601T,70.19,2.20,8.29,0,19.32
20220901T,70.19,2.47,8.41,0,18.93
20221201T,70.19,2.75,8.63,0,18.43
20230301T,60.11,2.28,7.91,0,29.70
20230601T,55.47,3.79,14.08,0,26.67
20230901T,56.07,3.68,13.59,0,26.65
20231201T,56.07,3.67,13.76,0,26.51
20240301T,56.07,3.78,13.29,0,26.86
20240601T,56.07,4.74,12.80,0,26.40
