20210901T,45.43,0.16,0.03,0,54.38
20211201T,45.43,0.32,0.03,0,54.22
20220301T,45.43,0.69,0.03,0,53.85
20220601T,45.43,0.67,0.03,0,53.87
20220901T,45.43,0.71,0.03,0,53.82
20221201T,45.43,0.78,0.03,0,53.76
20230301T,45.43,0.80,0.03,0,53.73
20230601T,45.43,1.17,0.03,0,53.38
20230901T,45.43,1.12,0.03,0,53.41
20231201T,45.43,0.98,0.03,0,53.56
20240301T,45.43,1.56,0.03,0,52.96
20240601T,45.43,1.11,0.03,0,53.42
