20200901T,61.00,0,0,0,39.01
20210301T,60.23,0,0,0,39.78
20210901T,60.23,0,0,0,39.78
20220301T,60.29,0,0,0,39.72
20220901T,59.36,0,0,0,40.64
20230301T,51.91,0,0,0,48.09
20230401T,33.79,0,0,0,66.21
20230901T,27.60,0,0,0,72.40
20231201T,22.97,0,0,0,77.03
20240301T,22.97,0,0,0,77.03
20240601T,13.86,0,0,0,86.14
20240901T,13.86,0,0,0,86.14
