20210901T,67.73,4.99,0.00,0,27.27
20211201T,67.73,4.97,0.00,0,27.29
20220301T,67.68,4.87,0.00,0,27.45
20220601T,67.68,3.79,0.00,0,28.53
20220901T,65.38,4.24,0.07,0,30.30
20221201T,63.59,4.72,0.00,0,31.69
20230301T,63.60,4.84,0.00,0,31.55
20230601T,63.60,4.65,0.00,0,31.74
20230901T,63.60,4.18,0.00,0,32.21
20231201T,63.60,4.79,0.21,0,31.41
20240301T,63.60,6.06,0.66,0,29.67
20240601T,63.64,6.52,0.67,0,29.15
