20210901T,68.56,8.46,12.87,0,10.10
20211201T,68.56,9.13,12.77,0,9.54
20220301T,68.56,9.03,12.29,0,10.12
20220601T,68.56,8.51,13.02,0,9.91
20220901T,68.46,8.84,14.15,0,8.55
20221201T,68.44,8.63,14.08,0,8.85
20230301T,68.44,7.46,15.09,0,9.01
20230601T,68.44,6.12,17.71,0,7.73
20230901T,68.35,5.74,17.68,0,8.23
20231201T,68.34,4.14,18.06,0,9.45
20240301T,68.32,4.02,17.74,0,9.90
20240601T,68.32,3.83,16.87,0,10.98
