20210901T,69.97,0.85,0,0,29.18
20211201T,69.97,1.02,0,0,29.01
20220301T,70.45,1.82,0,0,27.73
20220601T,68.86,3.06,0,0,28.08
20220901T,68.86,4.33,0,0,26.80
20221201T,68.86,4.70,0,0,26.45
20230301T,67.26,7.47,0,0,25.26
20230601T,67.26,7.29,0,0,25.46
20230901T,67.26,6.19,0,0,26.53
20231201T,67.26,2.69,0,0,30.05
20240301T,67.26,0.49,0,0,32.26
20240601T,67.26,0.40,0,0,32.32
