20211201T,59.98,19.80,6.65,0,13.56
20220301T,59.82,20.15,5.80,0,13.95
20220601T,59.82,19.94,7.03,0,13.21
20220901T,58.56,21.32,7.18,0,12.94
20221201T,58.43,21.11,7.21,0,13.23
20230301T,58.32,20.30,8.15,0,13.25
20230601T,58.32,21.34,6.81,0,13.53
20230901T,58.15,21.76,5.50,0,14.56
20231201T,58.15,21.59,5.99,0,14.26
20240301T,57.99,15.83,5.83,0,20.35
20240601T,83.11,5.75,1.04,0,10.10
20240901T,74.90,6.65,6.14,0,12.29
