20211201T,69.61,0.00,0.00,0,30.39
20220301T,69.61,0.00,0.03,0,30.36
20220601T,69.61,0.00,0.00,0,30.39
20220901T,69.61,0.00,0.00,0,30.39
20221201T,66.39,0.00,0.00,0,33.61
20230301T,62.92,0.00,0.00,0,37.09
20230601T,62.92,0.00,0.00,0,37.07
20230901T,62.92,0.07,0.00,0,37.01
20231201T,62.92,0.00,0.00,0,37.08
20240301T,62.92,0.00,0.00,0,37.08
20240601T,62.92,0.04,0.00,0,37.04
20240901T,62.92,0.01,0.00,0,37.08
