20210901T,52.17,0.00,8.23,0,39.60
20211201T,52.17,0.00,7.72,0,40.11
20220301T,52.24,0.00,7.81,0,39.95
20220601T,52.24,0.00,7.79,0,39.97
20220901T,52.48,0.00,7.62,0,39.90
20221201T,52.48,0.00,7.62,0,39.90
20230301T,52.48,0.00,7.57,0,39.95
20230601T,52.48,0.00,6.23,0,41.29
20230901T,52.48,0.00,4.28,0,43.25
20231201T,48.84,0.00,0.00,0,51.16
20240301T,45.18,0.04,0.00,0,54.78
20240601T,44.11,0.00,0.00,0,55.89
