20210901T,54.35,13.56,2.41,0,29.68
20211201T,54.35,12.91,2.41,0,30.33
20220301T,54.57,12.70,2.39,0,30.33
20220601T,54.57,12.40,2.39,0,30.63
20220901T,59.09,11.22,2.14,0,27.54
20221201T,59.09,11.23,2.14,0,27.54
20230301T,59.09,11.08,2.14,0,27.68
20230601T,59.09,11.03,2.26,0,27.60
20230901T,59.09,10.41,2.32,0,28.17
20231201T,59.09,7.30,2.24,0,31.36
20240301T,63.51,5.29,2.00,0,29.18
20240601T,63.51,4.84,1.97,0,29.66
