20210901T,53.16,2.02,0.14,0,44.27
20211201T,53.16,3.15,0.14,0,43.14
20220301T,53.16,3.63,0.14,0,42.66
20220601T,53.16,2.87,0.14,0,43.42
20220901T,53.15,1.49,0.15,0,44.81
20221201T,53.15,1.36,0.14,0,44.91
20230301T,55.54,1.66,0.07,0,42.53
20230601T,55.69,1.80,0.07,0,42.23
20230901T,55.69,1.84,0.07,0,42.19
20231201T,55.69,2.00,0.08,0,42.03
20240301T,55.69,2.08,0.07,0,41.95
20240601T,55.69,1.80,0.12,0,42.18
