20210901T,51.58,0.65,0.00,0,47.77
20211201T,51.67,0.81,0.00,0,47.51
20220301T,51.67,0.51,0.00,0,47.82
20220601T,51.67,0.42,0.00,0,47.91
20220901T,51.67,0.42,0.00,0,47.91
20221201T,51.67,0.40,0.00,0,47.93
20230301T,51.67,0.25,0.00,0,48.08
20230601T,51.93,0.17,0.71,0,47.22
20230901T,51.93,0.19,0.69,0,47.20
20231201T,51.93,0.25,0.78,0,47.06
20240301T,51.93,0.61,1.03,0,46.45
20240601T,51.93,0.60,1.10,0,46.38
