20210901T,74.90,0.00,0,0,25.10
20211201T,74.90,0.02,0,0,25.08
20220301T,74.90,0.07,0,0,25.03
20220601T,74.90,0.05,0,0,25.05
20220901T,74.91,0.03,0,0,25.06
20221201T,74.91,0.06,0,0,25.04
20230301T,74.91,0.00,0,0,25.09
20230601T,74.91,0.00,0,0,25.09
20230901T,74.91,0.00,0,0,25.10
20231201T,74.91,0.00,0,0,25.10
20240301T,74.91,0.03,0,0,25.07
20240601T,74.91,0.00,0,0,25.10
