20211201T,65.71,0.00,10.64,0,23.60
20220301T,65.71,0.00,10.64,0,23.60
20220601T,65.65,0.00,10.64,0,23.66
20220901T,65.65,10.64,0.00,0,23.70
20221201T,65.65,9.92,0.00,0,24.43
20230301T,67.30,9.44,0.00,0,23.27
20230601T,67.30,9.45,0.00,0,23.26
20230901T,67.29,9.45,0.00,0,23.26
20231201T,67.29,9.45,0.00,0,23.26
20240301T,66.26,9.05,0.00,0,24.71
20240601T,66.00,9.12,0.00,0,24.89
20240801T,67.60,8.69,0.00,0,23.70
