20210901T,50.28,6.14,8.16,0,35.42
20211201T,50.28,5.80,8.96,0,34.96
20220301T,50.28,5.24,8.87,0,35.61
20220601T,45.20,4.47,18.21,0,32.12
20220901T,45.20,4.33,18.15,0,32.31
20221201T,45.20,3.99,19.06,0,31.75
20230301T,45.20,3.94,19.07,0,31.79
20230601T,45.20,2.98,19.59,0,32.23
20230901T,48.31,2.56,18.75,0,30.38
20231201T,48.31,2.84,17.04,0,31.80
20240301T,48.31,2.70,17.26,0,31.72
20240601T,48.31,2.64,17.07,0,31.97
