20210901T,65.00,5.38,12.46,0,17.09
20211201T,65.00,4.41,10.51,0,20.01
20220301T,65.00,4.58,10.24,0,20.18
20220601T,65.00,4.22,8.79,0,21.91
20220901T,65.00,4.31,9.40,0,21.29
20221201T,65.00,4.34,10.73,0,19.94
20230301T,65.00,4.69,12.40,0,17.91
20230601T,65.00,3.82,13.63,0,17.56
20230901T,65.00,3.69,14.61,0,16.70
20231201T,65.00,4.34,15.46,0,15.20
20240301T,65.00,3.18,15.86,0,15.96
20240601T,65.00,3.01,15.72,0,16.27
