20211201T,61.88,0.02,0,0,38.10
20220301T,61.88,0.00,0,0,38.10
20220601T,61.88,0.16,0,0,37.96
20220901T,61.87,0.05,0,0,38.08
20221201T,61.87,0.17,0,0,37.95
20230301T,61.87,0.18,0,0,37.95
20230601T,61.87,0.03,0,0,38.09
20230901T,61.87,0.00,0,0,38.12
20231201T,61.87,0.03,0,0,38.10
20240301T,61.87,0.21,0,0,37.92
20240601T,46.29,0.62,0,0,53.09
20240801T,46.29,0.37,0,0,53.33
