20210901T,32.38,6.83,0.00,0,60.79
20211201T,32.34,7.36,0.00,0,60.30
20220301T,32.34,6.56,0.00,0,61.10
20220601T,32.34,6.42,0.00,0,61.24
20220901T,32.34,6.02,0.00,0,61.63
20221201T,32.34,5.77,0.00,0,61.87
20230301T,33.18,5.38,0.00,0,61.46
20230601T,33.94,5.78,0.18,0,60.11
20230901T,35.13,6.06,0.14,0,58.69
20231201T,37.21,3.70,0.14,0,58.95
20240301T,37.32,3.20,0.12,0,59.37
20240601T,37.53,2.81,0.11,0,59.56
