20210901T,70.37,1.47,15.88,0,12.27
20211201T,70.38,1.25,15.68,0,12.69
20220301T,70.38,0.98,15.46,0,13.18
20220601T,70.38,1.05,16.11,0,12.46
20220901T,70.38,1.09,15.58,0,12.95
20221201T,70.38,0.90,16.81,0,11.92
20230301T,70.38,0.91,16.52,0,12.19
20230601T,70.38,1.65,16.96,0,11.01
20230901T,70.38,1.35,16.96,0,11.30
20231201T,70.38,1.52,16.41,0,11.69
20240301T,70.38,1.48,16.15,0,11.99
20240601T,70.38,1.61,16.31,0,11.69
