20210901T,60.40,10.34,17.67,0,11.59
20211201T,60.40,9.22,19.05,0,11.33
20220301T,60.40,8.99,18.65,0,11.96
20220601T,60.40,8.71,18.59,0,12.30
20220901T,60.40,8.26,18.28,0,13.08
20221201T,60.40,6.99,19.22,0,13.41
20230301T,60.40,6.71,19.46,0,13.43
20230601T,60.40,6.72,19.65,0,13.22
20230901T,60.40,6.80,21.68,0,11.10
20231201T,60.40,6.31,22.51,0,10.78
20240301T,60.40,6.11,22.88,0,10.61
20240601T,60.40,5.81,22.60,0,11.21
