20210901T,63.77,9.52,2.84,0,23.66
20211201T,57.65,16.55,3.65,0,21.96
20220301T,57.65,17.09,3.09,0,22.07
20220601T,58.49,17.30,2.67,0,21.44
20220901T,58.49,17.24,2.66,0,21.47
20221201T,58.49,17.47,2.65,0,21.23
20230301T,58.49,17.70,2.43,0,21.13
20230601T,58.83,17.79,2.27,0,20.86
20230901T,59.09,17.12,2.38,0,21.15
20231201T,59.09,16.81,2.62,0,21.22
20240301T,59.09,16.05,2.58,0,22.00
20240601T,59.22,17.22,3.22,0,20.07
