20200901T,73.67,0.00,0,0,26.33
20210301T,73.67,0.00,0,0,26.32
20210901T,73.67,0.00,0,0,26.33
20220301T,73.67,0.00,0,0,26.32
20220901T,68.20,0.91,0,0,30.89
20221201T,68.20,0.91,0,0,30.88
20230301T,57.85,2.50,0,0,39.65
20230601T,55.75,2.37,0,0,41.90
20230901T,54.91,3.76,0,0,41.32
20231201T,54.91,2.59,0,0,42.49
20240301T,54.91,1.05,0,0,44.02
20240601T,54.91,0.00,0,0,45.09
