20210901T,74.43,0.02,0.00,0,25.56
20211201T,73.72,0.20,0.02,0,26.06
20220301T,73.72,0.52,0.05,0,25.71
20220601T,73.92,0.47,0.09,0,25.52
20220901T,73.92,0.40,0.09,0,25.61
20221201T,73.92,0.22,0.09,0,25.78
20230301T,73.92,0.32,0.09,0,25.68
20230601T,73.92,0.31,0.17,0,25.60
20230901T,73.92,0.32,0.17,0,25.60
20231201T,73.92,0.49,0.86,0,24.73
20240301T,73.92,0.56,0.96,0,24.57
20240601T,73.92,0.61,1.35,0,24.12
