20210901T,72.93,0.00,0.20,0,26.87
20211201T,72.73,0.00,0.20,0,27.06
20220301T,72.65,0.00,0.46,0,26.89
20220601T,72.51,0.00,0.46,0,27.03
20220901T,72.50,3.51,0.45,0,23.52
20221201T,72.49,0.00,0.30,0,27.20
20230301T,72.46,0.00,0.19,0,27.33
20230601T,67.17,0.00,0.12,0,32.71
20230901T,67.14,0.00,0.27,0,32.58
20231201T,67.09,0.00,0.37,0,32.55
20240301T,66.95,0.00,0.37,0,32.68
20240601T,66.88,0.01,0.37,0,32.73
