20210901T,60.61,0.01,0.02,0,39.36
20211201T,60.61,0.07,0.11,0,39.21
20220301T,60.61,0.21,0.13,0,39.05
20220601T,60.61,0.05,0.16,0,39.18
20220901T,60.61,0.06,0.17,0,39.17
20221201T,60.60,0.07,0.17,0,39.17
20230301T,60.60,0.08,0.17,0,39.14
20230601T,60.60,0.46,0.17,0,38.77
20230901T,51.09,4.18,1.45,0,43.28
20231201T,51.09,3.61,1.82,0,43.49
20240301T,51.13,3.26,1.90,0,43.70
20240601T,51.14,2.73,2.33,0,43.80
