20200901T,73.42,0.00,0,0,26.58
20210301T,73.42,0.00,0,0,26.58
20210901T,73.53,0.00,0,0,26.47
20220301T,74.34,0.00,0,0,25.66
20220901T,74.74,0.00,0,0,25.26
20230301T,74.78,0.00,0,0,25.22
20230601T,74.78,0.03,0,0,25.18
20230901T,73.39,0.15,0,0,26.45
20231201T,73.39,0.01,0,0,26.60
20240301T,73.39,0.00,0,0,26.60
20240601T,73.39,0.11,0,0,26.50
20240901T,73.39,0.03,0,0,26.58
