20210901T,55.69,24.48,12.06,0,7.77
20211201T,55.69,24.47,12.00,0,7.84
20220301T,55.48,24.15,12.46,0,7.91
20220601T,55.48,23.90,12.29,0,8.33
20220901T,55.46,24.33,15.65,0,4.56
20221201T,55.45,25.09,14.93,0,4.54
20230301T,55.45,25.14,15.09,0,4.34
20230601T,55.45,26.22,14.15,0,4.19
20230901T,55.44,26.17,14.27,0,4.11
20231201T,55.43,25.92,14.63,0,4.01
20240301T,55.42,25.16,15.40,0,4.01
20240601T,55.41,24.70,15.88,0,3.98
