20211201T,47.30,0.05,8.30,0,44.35
20220301T,47.30,0.01,6.38,0,46.32
20220601T,47.30,0.01,5.59,0,47.10
20220901T,47.30,0.92,5.60,0,46.18
20221201T,47.14,0.50,5.58,0,46.79
20230301T,47.14,0.85,4.71,0,47.29
20230601T,47.06,1.39,3.71,0,47.85
20230901T,47.06,5.76,3.71,0,43.47
20231201T,47.06,6.23,3.82,0,42.87
20240301T,47.06,7.79,3.82,0,41.32
20240601T,47.06,7.88,3.82,0,41.23
20240901T,47.06,6.16,3.82,0,42.95
