20210901T,75.00,0.21,3.49,0,21.30
20211201T,75.00,0.23,3.23,0,21.53
20220301T,75.00,0.27,2.20,0,22.53
20220601T,75.00,0.27,2.20,0,22.53
20220901T,75.00,1.01,2.11,0,21.88
20221201T,75.00,1.00,1.85,0,22.14
20230301T,75.00,0.48,1.75,0,22.75
20230601T,75.00,0.67,2.17,0,22.16
20230901T,75.00,1.32,2.28,0,21.39
20231201T,75.00,1.85,2.26,0,20.88
20240301T,75.00,1.93,2.61,0,20.46
20240601T,75.00,1.96,2.76,0,20.27
