20210301T,55.90,0.00,0.00,0,44.10
20210901T,55.90,0.00,0.00,0,44.10
20220301T,60.66,0.00,0.00,0,39.34
20220901T,65.58,0.00,0.00,0,34.42
20221201T,65.58,0.00,0.00,0,34.41
20230301T,65.59,0.03,0.00,0,34.36
20230601T,65.59,0.00,0.00,0,34.41
20230901T,65.59,0.00,0.00,0,34.41
20231201T,65.59,0.04,0.37,0,34.00
20240301T,65.59,0.02,0.38,0,34.01
20240601T,65.59,0.01,0.38,0,34.02
20240901T,65.59,0.07,0.34,0,33.99
