20210901T,72.04,2.57,0.03,0,25.33
20211201T,72.04,2.59,0.03,0,25.31
20220301T,72.04,2.60,0.03,0,25.31
20220601T,72.04,2.65,0.03,0,25.26
20220901T,72.05,2.80,0.03,0,25.11
20221201T,72.05,2.82,0.01,0,25.10
20230301T,72.05,2.84,0.01,0,25.07
20230601T,72.05,2.65,0.00,0,25.29
20230901T,72.05,2.65,0.00,0,25.29
20231201T,72.05,3.05,1.78,0,23.11
20240301T,72.05,3.15,5.38,0,19.39
20240601T,72.31,3.81,5.01,0,18.85
