20210901T,75.27,0.13,24.03,0,0.57
20211201T,75.27,0.13,23.56,0,1.04
20220301T,75.16,0.13,23.53,0,1.18
20220601T,75.16,0.13,23.53,0,1.18
20220901T,75.16,0.13,23.53,0,1.18
20221201T,75.16,0.13,23.53,0,1.19
20230301T,75.00,0.13,23.18,0,1.69
20230601T,75.00,0.13,21.73,0,3.15
20230901T,75.00,0.13,21.32,0,3.55
20231201T,75.00,0.13,19.55,0,5.31
20240301T,75.00,0.13,19.21,0,5.66
20240601T,75.00,0.13,18.36,0,6.51
