20210901T,72.95,1.43,23.72,0,1.90
20211201T,72.95,2.03,23.84,0,1.18
20220301T,72.95,2.53,23.37,0,1.15
20220601T,72.95,3.11,22.84,0,1.10
20220901T,72.95,3.16,22.73,0,1.14
20221201T,72.95,3.19,22.43,0,1.43
20230301T,72.95,3.26,22.28,0,1.50
20230601T,72.95,3.21,21.95,0,1.89
20230901T,65.48,6.04,25.08,0,3.40
20231201T,65.48,6.12,24.99,0,3.40
20240301T,65.48,6.32,24.52,0,3.68
20240601T,65.48,6.40,23.40,0,4.72
