20210901T,73.96,9.88,2.04,0,14.12
20211201T,73.97,9.88,2.04,0,14.12
20220301T,74.14,9.88,2.04,0,13.94
20220601T,74.16,9.88,2.04,0,13.92
20220901T,74.02,9.88,2.04,0,14.06
20221201T,74.16,9.88,2.04,0,13.91
20230301T,74.17,5.92,1.94,0,17.98
20230601T,74.02,5.11,1.80,0,19.06
20230901T,74.02,4.57,1.25,0,20.17
20231201T,74.02,3.23,0.76,0,21.99
20240301T,74.02,2.60,0.76,0,22.61
20240601T,74.02,2.86,0.76,0,22.35
