20211201T,51.50,0,0,0,48.50
20220301T,51.56,0,0,0,48.44
20220601T,51.56,0,0,0,48.44
20220901T,38.19,0,0,0,61.80
20221201T,38.19,0,0,0,61.80
20230301T,39.52,0,0,0,60.47
20230601T,39.52,0,0,0,60.48
20230901T,36.17,0,0,0,63.83
20231201T,36.17,0,0,0,63.84
20240301T,36.20,0,0,0,63.80
20240601T,36.18,0,0,0,63.81
20240801T,29.81,0,0,0,70.19
