20210901T,53.80,0.00,0,0,46.20
20211201T,53.80,0.01,0,0,46.18
20220301T,53.77,0.02,0,0,46.21
20220601T,53.75,0.04,0,0,46.22
20220901T,53.75,0.02,0,0,46.23
20221201T,53.75,0.00,0,0,46.25
20230301T,53.75,0.00,0,0,46.26
20230601T,53.75,0.00,0,0,46.24
20230901T,53.77,0.01,0,0,46.22
20231201T,53.78,0.00,0,0,46.22
20240301T,53.78,0.00,0,0,46.22
20240601T,53.78,0.00,0,0,46.22
