20210901T,54.66,0.00,2.51,0,42.82
20211201T,54.66,1.47,0.07,0,43.79
20220301T,54.82,0.44,0.08,0,44.66
20220601T,54.82,0.27,0.06,0,44.85
20220901T,54.82,0.34,0.00,0,44.83
20221201T,55.95,0.36,0.00,0,43.68
20230301T,56.14,0.35,0.00,0,43.53
20230601T,56.22,0.39,0.15,0,43.23
20230901T,56.22,0.64,0.22,0,42.93
20231201T,56.22,0.49,0.31,0,43.00
20240301T,51.57,0.77,8.68,0,38.96
20240601T,51.57,2.32,6.85,0,39.25
