20210901T,53.10,0.26,3.25,0,43.40
20211201T,53.10,0.60,3.11,0,43.19
20220301T,39.92,0.24,1.88,0,57.95
20220601T,39.92,0.01,1.80,0,58.26
20220901T,39.93,0.07,1.62,0,58.38
20221201T,39.93,0.06,1.62,0,58.39
20230301T,39.93,0.03,1.62,0,58.42
20230601T,39.93,0.08,1.62,0,58.36
20230901T,39.93,0.03,2.04,0,58.00
20231201T,31.90,0.00,0.06,0,68.04
20240301T,75.72,0.08,0.03,0,24.15
20240601T,75.72,0.02,0.03,0,24.22
