20211201T,70.47,3.07,0.73,0,25.73
20220301T,70.47,2.90,0.89,0,25.74
20220601T,70.47,2.96,0.98,0,25.59
20220901T,70.47,2.97,0.99,0,25.54
20221201T,70.47,3.64,0.88,0,25.01
20230301T,70.47,3.70,0.84,0,24.98
20230601T,70.47,3.73,0.68,0,25.11
20230901T,70.47,3.61,0.62,0,25.30
20231201T,70.47,3.44,0.58,0,25.51
20240301T,70.47,3.49,0.49,0,25.54
20240601T,70.47,3.46,0.51,0,25.56
20240901T,70.47,3.29,0.73,0,25.50
