20211201T,56.48,22.65,4.32,0,16.55
20220301T,52.10,8.66,4.15,0,35.08
20220601T,52.10,8.08,4.22,0,35.60
20220901T,52.11,8.23,4.30,0,35.37
20221201T,52.11,8.16,4.52,0,35.22
20230301T,52.20,8.16,5.69,0,33.94
20230601T,52.20,9.88,5.36,0,32.57
20230901T,52.20,11.45,6.01,0,30.34
20231201T,52.24,11.68,6.29,0,29.79
20240301T,49.23,11.76,5.13,0,33.88
20240601T,49.23,10.35,4.74,0,35.71
20240901T,49.23,7.95,4.79,0,38.06
