20211201T,55.53,0.63,0.00,0,43.84
20220301T,53.53,0.44,0.03,0,46.01
20220601T,53.01,0.58,0.00,0,46.41
20220901T,53.01,0.66,0.06,0,46.27
20221201T,53.01,0.44,0.07,0,46.48
20230301T,53.01,0.68,0.05,0,46.25
20230601T,52.81,0.93,0.05,0,46.22
20230901T,52.81,0.97,0.02,0,46.20
20231201T,49.89,1.66,0.54,0,47.90
20240301T,53.19,2.68,0.58,0,43.56
20240601T,51.32,2.11,0.07,0,46.50
20240901T,49.30,1.74,0.08,0,48.88
