20211201T,74.82,1.00,12.74,0,11.44
20220301T,74.82,1.69,12.84,0,10.64
20220601T,74.82,2.16,12.76,0,10.26
20220901T,74.82,2.37,12.93,0,9.88
20221201T,74.82,2.41,12.61,0,10.15
20230301T,74.82,2.14,12.93,0,10.09
20230601T,74.82,2.00,12.75,0,10.44
20230901T,74.82,2.01,12.29,0,10.87
20231201T,74.82,2.06,12.42,0,10.70
20240301T,74.82,2.14,12.41,0,10.63
20240601T,74.82,2.02,12.87,0,10.29
20240901T,74.82,2.52,12.77,0,9.91
