20210901T,65.88,3.95,0.00,0,30.18
20211201T,65.88,3.32,0.00,0,30.80
20220301T,65.88,0.25,0.00,0,33.87
20220601T,65.88,0.23,0.00,0,33.89
20220901T,65.88,0.21,0.00,0,33.91
20221201T,65.88,0.18,0.00,0,33.93
20230301T,65.88,0.18,0.00,0,33.93
20230601T,65.88,0.09,0.00,0,34.03
20230901T,65.88,0.09,0.00,0,34.03
20231201T,65.88,0.00,0.14,0,33.98
20240301T,65.78,0.03,0.00,0,34.18
20240601T,65.68,0.00,0.00,0,34.33
