20210901T,53.25,12.27,2.91,0,31.57
20211201T,50.01,14.59,2.86,0,32.54
20220301T,50.01,14.41,1.93,0,33.65
20220601T,50.01,14.41,1.99,0,33.59
20220901T,50.01,14.46,1.76,0,33.78
20221201T,50.01,15.32,0.61,0,34.04
20230301T,50.01,13.73,0.54,0,35.72
20230601T,50.01,10.26,0.37,0,39.36
20230901T,50.01,8.60,0.41,0,40.98
20231201T,50.01,8.52,0.06,0,41.41
20240301T,50.01,5.63,1.65,0,42.71
20240601T,44.39,9.08,7.61,0,38.91
