20210901T,65.41,5.83,20.21,0,8.54
20211201T,65.51,5.94,20.15,0,8.40
20220301T,65.55,6.10,19.82,0,8.53
20220601T,65.55,6.38,20.45,0,7.62
20220901T,65.51,6.71,20.03,0,7.75
20221201T,65.46,7.04,20.36,0,7.14
20230301T,65.46,6.82,20.81,0,6.90
20230601T,65.46,6.83,21.37,0,6.34
20230901T,65.55,6.78,21.57,0,6.11
20231201T,65.55,6.85,21.97,0,5.64
20240301T,65.54,7.43,22.17,0,4.85
20240601T,65.58,7.43,22.22,0,4.78
