20210901T,68.94,0.40,0.00,0,30.66
20211201T,68.94,0.52,0.01,0,30.53
20220301T,70.99,0.81,0.00,0,28.20
20220601T,70.99,0.86,0.00,0,28.15
20220901T,70.43,0.92,0.00,0,28.64
20221201T,70.43,0.55,0.00,0,29.01
20230301T,70.43,0.34,0.00,0,29.22
20230601T,70.43,0.17,0.00,0,29.39
20230901T,70.43,0.10,0.00,0,29.45
20231201T,70.43,0.10,0.00,0,29.46
20240301T,70.43,0.01,0.00,0,29.54
20240601T,70.43,0.00,0.00,0,29.55
