20210901T,54.25,0,0.00,0,45.74
20211201T,46.36,0,0.00,0,53.64
20220301T,46.36,0,0.00,0,53.64
20220601T,46.10,0,0.00,0,53.90
20220901T,45.29,0,0.00,0,54.71
20221201T,44.42,0,0.00,0,55.58
20230301T,42.07,0,0.00,0,57.93
20230601T,39.42,0,0.00,0,60.58
20230901T,36.30,0,0.05,0,63.65
20231201T,33.00,0,0.00,0,67.00
20240301T,30.72,0,0.00,0,69.28
20240601T,30.72,0,0.00,0,69.28
