20211201T,67.03,1.44,1.25,0,30.28
20220301T,67.61,1.28,1.25,0,29.86
20220601T,68.42,1.34,1.22,0,29.03
20220901T,68.42,1.40,1.14,0,29.05
20221201T,68.42,1.34,1.14,0,29.10
20230301T,68.60,1.33,1.14,0,28.92
20230601T,68.61,1.37,1.06,0,28.96
20230901T,68.60,1.35,1.04,0,29.01
20231201T,68.60,1.35,0.75,0,29.30
20240301T,68.60,1.39,0.00,0,30.02
20240601T,68.60,1.59,0.01,0,29.80
20240701T,69.29,1.44,0.00,0,29.25
