20210901T,62.55,13.53,10.11,0,13.81
20211201T,62.55,13.05,10.50,0,13.90
20220301T,62.55,12.20,11.16,0,14.09
20220601T,62.55,11.85,11.23,0,14.37
20220901T,62.56,12.37,10.96,0,13.97
20221201T,62.56,12.50,11.79,0,13.00
20230301T,62.56,12.82,11.58,0,12.90
20230601T,62.56,12.62,11.83,0,12.83
20230901T,62.56,12.22,12.37,0,12.69
20231201T,62.56,12.31,12.37,0,12.60
20240301T,62.56,12.47,12.14,0,12.64
20240601T,62.56,11.85,12.78,0,12.59
