20210901T,47.31,0.00,10.36,0,42.33
20211201T,46.75,0.00,10.28,0,42.97
20220301T,46.75,0.00,10.28,0,42.97
20220601T,46.75,0.00,10.28,0,42.97
20220901T,46.75,0.00,10.17,0,43.08
20221201T,46.75,0.00,10.11,0,43.14
20230301T,46.75,0.00,10.05,0,43.20
20230601T,46.75,0.03,9.59,0,43.63
20230901T,46.75,0.08,9.29,0,43.88
20231201T,46.75,1.07,13.07,0,39.11
20240301T,46.75,1.35,12.55,0,39.35
20240601T,46.75,1.99,11.80,0,39.46
