20210901T,25.58,53.67,14.82,0,5.93
20211201T,26.06,53.15,15.20,0,5.59
20220301T,26.45,53.88,13.99,0,5.68
20220601T,29.30,49.97,15.22,0,5.51
20220901T,29.37,50.65,14.53,0,5.47
20221201T,25.29,45.55,11.13,0,18.04
20230301T,25.51,49.78,11.74,0,12.96
20230601T,25.48,55.36,14.66,0,4.49
20230901T,25.45,54.67,15.17,0,4.71
20231201T,25.43,53.97,15.77,0,4.83
20240301T,25.42,53.90,15.69,0,5.00
20240601T,25.41,54.28,15.24,0,5.07
