20210901T,88.35,1.66,2.67,0,7.32
20211201T,88.35,0.98,2.69,0,7.97
20220301T,88.35,1.06,2.96,0,7.63
20220601T,88.35,0.81,3.09,0,7.75
20220901T,88.35,0.67,3.16,0,7.82
20221201T,88.35,0.76,3.21,0,7.66
20230301T,88.35,0.65,3.14,0,7.86
20230601T,88.35,0.65,3.17,0,7.84
20230901T,81.62,1.84,4.35,0,11.78
20231201T,81.62,1.98,3.72,0,12.26
20240301T,74.59,2.35,4.45,0,18.22
20240601T,74.59,2.25,5.39,0,17.40
