20210901T,20.15,0.00,4.95,0,74.90
20211201T,20.15,0.00,4.55,0,75.30
20220301T,20.15,0.00,4.19,0,75.66
20220601T,20.15,0.00,4.14,0,75.71
20220901T,20.31,38.87,4.13,0,36.69
20221201T,20.31,38.88,4.13,0,36.69
20230301T,20.31,38.86,4.13,0,36.71
20230601T,20.31,38.86,4.04,0,36.79
20230901T,20.31,38.86,4.04,0,36.78
20231201T,20.31,38.86,4.04,0,36.78
20240301T,20.31,38.86,4.04,0,36.78
20240601T,20.31,38.86,4.04,0,36.79
