20211201T,49.83,0.45,8.84,0,40.89
20220301T,49.83,0.47,8.84,0,40.87
20220601T,49.82,0.40,8.84,0,40.94
20220901T,49.82,0.42,8.84,0,40.92
20221201T,49.82,0.42,8.84,0,40.91
20230301T,49.82,0.26,8.84,0,41.08
20230601T,49.82,0.35,8.84,0,40.99
20230901T,49.82,0.35,0.94,0,48.88
20231201T,49.82,0.35,0.94,0,48.89
20240301T,49.82,0.35,0.94,0,48.89
20240601T,49.82,0.37,0.94,0,48.87
20240901T,49.82,0.42,0.67,0,49.09
