20210901T,74.97,0.00,0.00,0,25.03
20211201T,74.97,0.25,0.00,0,24.79
20220301T,74.97,0.25,0.00,0,24.79
20220601T,74.97,0.26,0.00,0,24.78
20220901T,74.97,0.33,0.00,0,24.69
20221201T,74.97,0.38,0.00,0,24.64
20230301T,74.97,0.24,0.00,0,24.79
20230601T,74.97,0.24,0.00,0,24.79
20230901T,74.97,0.24,0.00,0,24.79
20231201T,74.97,0.28,0.00,0,24.75
20240301T,74.97,0.06,0.02,0,24.95
20240601T,74.97,0.06,0.04,0,24.93
