20210901T,67.55,0.00,4.46,0,27.99
20211201T,67.55,0.00,5.71,0,26.75
20220301T,67.55,0.00,5.57,0,26.88
20220601T,67.55,0.00,5.90,0,26.55
20220901T,67.55,5.80,3.81,0,22.85
20221201T,67.55,5.59,4.41,0,22.45
20230301T,67.55,5.55,3.88,0,23.03
20230601T,67.55,5.90,0.00,0,26.56
20230901T,67.55,5.94,0.00,0,26.51
20231201T,67.55,5.93,0.80,0,25.73
20240301T,67.55,5.48,0.75,0,26.22
20240601T,67.55,5.36,0.69,0,26.41
