20210901T,72.81,12.00,4.93,0,10.26
20211201T,71.62,15.12,4.42,0,8.84
20220301T,71.55,15.42,4.31,0,8.72
20220601T,71.55,15.97,3.98,0,8.50
20220901T,71.48,15.03,4.49,0,9.00
20221201T,71.59,14.66,4.50,0,9.25
20230301T,71.59,14.95,4.05,0,9.41
20230601T,71.59,15.25,3.96,0,9.21
20230901T,71.59,16.31,3.12,0,9.00
20231201T,71.58,16.41,3.17,0,8.84
20240301T,71.70,16.87,2.91,0,8.52
20240601T,71.69,16.61,3.04,0,8.67
