20210901T,52.58,6.45,28.73,0,12.24
20211201T,52.58,6.37,28.54,0,12.52
20220301T,52.58,6.33,28.26,0,12.84
20220601T,52.58,6.47,28.56,0,12.39
20220901T,52.58,6.36,29.02,0,12.05
20221201T,52.58,6.48,28.97,0,11.98
20230301T,52.58,6.51,29.09,0,11.81
20230601T,52.58,6.42,29.37,0,11.66
20230901T,52.58,6.46,29.20,0,11.77
20231201T,52.58,6.61,28.98,0,11.83
20240301T,52.58,6.77,29.00,0,11.65
20240601T,52.58,7.93,28.12,0,11.38
