20210901T,55.30,0.02,0.01,0,44.67
20211201T,55.44,0.00,0.00,0,44.56
20220301T,55.44,0.11,0.00,0,44.45
20220601T,55.44,0.00,0.00,0,44.56
20220901T,55.56,0.19,0.00,0,44.26
20221201T,55.56,0.18,0.00,0,44.27
20230301T,55.56,0.58,0.00,0,43.85
20230601T,55.56,0.37,0.00,0,44.08
20230901T,55.18,2.78,0.01,0,42.03
20231201T,55.11,2.40,0.31,0,42.17
20240301T,55.11,2.21,0.00,0,42.69
20240601T,55.11,0.77,0.00,0,44.13
