20210901T,43.96,1.61,1.28,0,53.14
20211201T,43.96,1.62,1.00,0,53.41
20220301T,43.96,1.70,0.94,0,53.40
20220601T,43.96,1.64,0.01,0,54.39
20220901T,43.96,1.76,0.00,0,54.27
20221201T,43.96,16.69,0.00,0,39.35
20230301T,43.96,16.68,0.00,0,39.34
20230601T,43.96,15.11,0.00,0,40.92
20230901T,43.96,15.28,0.00,0,40.76
20231201T,43.96,15.43,0.00,0,40.59
20240301T,43.96,15.81,0.00,0,40.22
20240601T,43.96,15.32,0.07,0,40.65
