20210901T,43.29,0.00,1.13,0,55.58
20211001T,40.46,0.00,1.05,0,58.49
20220301T,40.45,0.09,0.87,0,58.59
20220601T,40.45,0.09,0.20,0,59.26
20220901T,40.46,0.09,0.00,0,59.45
20221201T,40.45,0.09,0.00,0,59.46
20230301T,40.44,0.09,0.00,0,59.45
20230601T,40.44,0.09,0.00,0,59.45
20230901T,40.44,0.09,0.00,0,59.46
20231201T,32.05,0.08,0.00,0,67.87
20240301T,32.05,0.08,0.00,0,67.89
20240601T,20.35,0.07,0.00,0,79.58
