20210901T,41.07,17.28,6.05,0,35.60
20211201T,39.51,18.15,5.40,0,36.94
20220301T,39.71,19.42,3.64,0,37.22
20220601T,40.40,17.93,3.10,0,38.57
20220901T,40.41,18.47,2.97,0,38.16
20221201T,40.41,19.26,3.01,0,37.32
20230301T,40.98,19.30,2.75,0,36.95
20230601T,39.31,18.71,1.75,0,40.22
20230901T,37.19,17.86,1.79,0,43.16
20231201T,30.49,16.62,1.75,0,51.14
20240301T,30.49,15.80,2.97,0,50.73
20240601T,37.27,14.00,2.83,0,45.89
