20210901T,73.15,5.81,16.19,0,4.85
20211201T,73.15,6.37,15.43,0,5.05
20220301T,73.15,6.28,15.16,0,5.41
20220601T,73.15,6.63,14.73,0,5.50
20220901T,73.15,6.64,14.60,0,5.61
20221201T,73.15,6.72,14.45,0,5.67
20230301T,73.15,6.63,14.32,0,5.91
20230601T,73.15,5.79,15.01,0,6.04
20230901T,73.15,5.89,15.24,0,5.71
20231201T,73.15,5.90,15.05,0,5.88
20240301T,73.15,6.10,14.52,0,6.22
20240601T,73.15,7.56,12.74,0,6.54
