20210901T,54.77,2.85,19.75,0,22.63
20211201T,54.77,2.48,20.04,0,22.71
20220301T,54.78,2.51,20.20,0,22.50
20220601T,54.78,2.43,20.44,0,22.34
20220901T,54.79,2.27,20.80,0,22.13
20221201T,54.79,1.74,21.50,0,21.98
20230301T,54.79,1.38,22.02,0,21.81
20230601T,54.79,1.57,21.92,0,21.72
20230901T,54.79,1.45,23.65,0,20.11
20231201T,54.79,1.43,23.26,0,20.53
20240301T,55.01,1.32,23.82,0,19.83
20240601T,55.01,1.63,23.53,0,19.83
