20211201T,67.18,9.77,15.97,0,7.08
20220301T,67.18,8.79,16.42,0,7.61
20220601T,67.18,8.80,16.12,0,7.90
20220901T,53.58,11.56,24.52,0,10.32
20221201T,53.53,11.27,24.37,0,10.83
20230301T,33.00,24.69,31.28,0,11.01
20230601T,29.76,31.68,28.20,0,10.35
20230901T,29.76,33.35,27.50,0,9.39
20231201T,29.71,32.88,27.90,0,9.51
20240301T,29.71,32.93,28.77,0,8.59
20240601T,29.71,32.03,29.50,0,8.75
20240901T,28.04,32.74,31.47,0,7.75
