20210301T,74.13,0,0,0,25.87
20210901T,74.13,0,0,0,25.87
20220301T,74.10,0,0,0,25.90
20220601T,74.11,0,0,0,25.89
20220901T,74.11,0,0,0,25.89
20221201T,73.67,0,0,0,26.33
20230301T,73.27,0,0,0,26.73
20230601T,73.49,0,0,0,26.51
20230901T,73.74,0,0,0,26.26
20231201T,72.47,0,0,0,27.53
20240301T,72.41,0,0,0,27.59
20240601T,72.28,0,0,0,27.72
