20210901T,71.81,1.14,7.77,0,19.28
20211201T,71.81,1.73,7.45,0,19.01
20220301T,71.81,1.55,7.39,0,19.25
20220601T,71.81,1.60,7.40,0,19.20
20220901T,71.81,1.78,7.40,0,19.02
20221201T,71.81,1.87,7.40,0,18.93
20230301T,71.92,1.92,7.40,0,18.76
20230601T,71.92,1.86,7.72,0,18.50
20230901T,71.92,1.73,7.42,0,18.95
20231201T,71.92,1.41,7.40,0,19.28
20240301T,68.92,1.33,10.68,0,19.08
20240601T,68.92,1.43,11.06,0,18.58
