20210901T,61.69,0.42,15.30,0,22.59
20211201T,61.69,0.98,15.01,0,22.33
20220301T,61.69,1.19,15.05,0,22.07
20220601T,61.69,1.31,16.35,0,20.66
20220901T,61.69,1.16,16.86,0,20.29
20221201T,61.93,1.23,17.61,0,19.22
20230301T,61.93,1.09,17.73,0,19.25
20230601T,61.93,1.07,17.60,0,19.41
20230901T,61.93,1.50,18.47,0,18.12
20231201T,61.93,1.39,19.08,0,17.61
20240301T,61.93,1.53,18.87,0,17.68
20240601T,61.93,1.59,19.25,0,17.23
