20210901T,62.29,12.43,4.55,0,20.74
20211201T,62.29,10.20,4.55,0,22.96
20220301T,62.62,12.19,4.22,0,20.97
20220601T,63.59,12.66,4.11,0,19.63
20220901T,63.03,13.13,8.41,0,15.43
20221201T,63.01,19.59,8.89,0,8.51
20230301T,63.00,20.24,8.43,0,8.32
20230601T,62.41,21.25,8.43,0,7.92
20230901T,60.41,18.74,13.02,0,7.82
20231201T,59.89,19.05,13.45,0,7.62
20240301T,59.75,21.79,10.53,0,7.92
20240601T,56.85,22.83,8.96,0,11.35
