20190301T,68.64,0.00,0.00,0,31.38
20190901T,68.64,0.00,0.00,0,31.37
20200301T,68.64,0.00,0.00,0,31.37
20200901T,68.64,0.00,0.00,0,31.37
20210301T,68.91,0.00,0.00,0,31.09
20210901T,69.48,0.00,0.00,0,30.51
20220301T,71.45,0.00,0.00,0,28.55
20220901T,71.45,0.00,0.00,0,28.55
20230301T,71.45,0.00,0.07,0,28.48
20230901T,74.88,0.56,0.00,0,24.56
20240301T,72.53,2.51,0.31,0,24.64
20240901T,72.53,2.69,0.33,0,24.45
