20210901T,68.93,0.29,0.01,0,30.77
20211201T,68.93,0.28,0.02,0,30.77
20220301T,68.93,0.29,0.01,0,30.76
20220601T,68.93,0.28,0.02,0,30.77
20220901T,68.93,0.34,0.00,0,30.40
20221201T,68.93,0.35,0.00,0,30.40
20230301T,68.93,0.28,0.00,0,30.46
20230601T,68.93,0.28,0.00,0,30.46
20230901T,68.93,0.25,0.00,0,30.51
20231201T,68.93,0.22,0.00,0,30.53
20240301T,68.93,0.18,0.00,0,30.57
20240601T,68.93,0.14,0.00,0,30.61
