20210901T,63.96,1.89,2.15,0,32.01
20211201T,63.96,2.07,1.83,0,32.14
20220301T,64.07,2.05,2.14,0,31.74
20220601T,64.14,2.13,2.18,0,31.55
20220901T,64.14,2.20,2.26,0,31.31
20221201T,64.24,2.14,2.31,0,31.21
20230301T,64.24,2.12,2.33,0,31.22
20230601T,64.24,2.00,2.33,0,31.35
20230901T,64.24,1.99,2.80,0,30.86
20231201T,64.24,2.46,2.62,0,30.59
20240301T,64.24,2.92,2.61,0,30.15
20240601T,64.24,3.03,2.66,0,29.98
