20211201T,74.11,0.00,0.00,0,25.89
20220301T,74.15,0.00,0.00,0,25.85
20220601T,74.15,0.00,0.00,0,25.85
20220901T,74.15,0.00,0.00,0,25.86
20221201T,74.15,0.00,0.00,0,25.85
20230301T,74.15,0.00,0.00,0,25.86
20230601T,74.36,0.06,0.00,0,25.57
20230901T,74.36,0.02,0.00,0,25.61
20231201T,74.36,0.00,0.00,0,25.64
20240301T,74.36,0.11,0.00,0,25.53
20240601T,74.36,0.20,0.00,0,25.42
20240901T,74.36,0.01,0.23,0,25.40
