20210901T,72.29,5.03,0.22,0,22.46
20211201T,72.31,5.13,0.22,0,22.34
20220301T,74.62,5.26,0.21,0,19.91
20220601T,74.91,5.16,0.21,0,19.72
20220901T,74.91,5.17,0.21,0,19.71
20221201T,75.00,5.31,0.00,0,19.68
20230301T,75.00,5.28,0.00,0,19.72
20230601T,75.00,5.44,0.00,0,19.57
20230901T,75.00,6.14,0.00,0,18.86
20231201T,75.00,6.90,0.00,0,18.10
20240301T,75.00,6.92,0.00,0,18.08
20240601T,75.00,6.90,0.00,0,18.10
