20211201T,64.96,0.14,0.00,0,34.91
20220301T,64.96,0.00,0.00,0,35.04
20220601T,64.96,0.00,0.00,0,35.04
20220901T,64.95,0.00,0.00,0,35.05
20221201T,68.23,0.00,0.00,0,31.76
20230301T,68.23,0.00,0.00,0,31.77
20230601T,67.83,0.00,0.00,0,32.17
20230901T,67.83,0.15,0.58,0,31.44
20231201T,67.83,0.01,0.72,0,31.44
20240301T,68.55,0.01,0.00,0,31.43
20240601T,67.54,0.00,0.00,0,32.45
20240901T,64.69,0.00,0.00,0,35.31
