20210901T,62.09,0.00,0.04,0,37.87
20211201T,62.09,0.00,0.04,0,37.86
20220301T,62.09,0.20,0.04,0,37.67
20220601T,62.09,0.14,0.04,0,37.72
20220901T,62.09,0.71,0.04,0,37.16
20221201T,62.09,0.74,0.04,0,37.12
20230301T,62.09,0.59,0.04,0,37.28
20230601T,62.09,0.60,0.04,0,37.27
20230901T,62.09,0.64,0.04,0,37.23
20231201T,61.84,0.65,0.04,0,37.48
20240301T,61.84,0.57,0.04,0,37.56
20240601T,61.84,0.55,0.04,0,37.57
