20210901T,62.77,0.26,0.32,0,36.66
20211201T,62.77,0.12,0.39,0,36.72
20220301T,62.77,0.14,0.44,0,36.65
20220601T,62.60,0.07,0.44,0,36.89
20220901T,62.60,0.14,0.41,0,36.86
20221201T,62.60,5.63,0.63,0,31.14
20230301T,62.68,5.63,0.83,0,30.86
20230601T,62.68,5.63,1.23,0,30.45
20230901T,62.27,6.05,2.12,0,29.44
20231201T,61.91,6.07,2.68,0,29.18
20240301T,60.98,5.94,4.12,0,28.82
20240601T,60.98,6.35,4.03,0,28.50
