20210901T,29.60,24.96,20.44,0,25.00
20211201T,29.60,19.85,21.08,0,29.47
20220301T,30.60,19.66,18.82,0,30.92
20220601T,30.37,21.21,16.63,0,31.79
20220901T,31.08,21.43,15.07,0,32.05
20221201T,30.90,18.98,18.44,0,31.29
20230301T,28.28,18.85,17.88,0,34.60
20230601T,28.08,16.72,19.60,0,35.22
20230901T,27.79,17.25,19.50,0,35.06
20231201T,27.39,19.45,19.02,0,33.75
20240301T,25.88,24.57,17.66,0,31.52
20240601T,25.86,26.71,18.17,0,28.87
