20210901T,62.64,0.00,0.32,0,37.04
20211201T,62.66,0.00,0.32,0,37.02
20220301T,62.87,0.00,0.17,0,36.98
20220601T,63.52,0.00,0.17,0,36.31
20220901T,64.54,0.17,0.00,0,35.29
20221201T,65.68,0.17,0.00,0,34.14
20230301T,67.38,0.17,0.00,0,32.45
20230601T,68.81,0.17,0.00,0,31.02
20230901T,69.27,0.17,0.00,0,30.56
20231201T,69.93,0.17,0.00,0,29.90
20240301T,70.19,0.17,0.00,0,29.64
20240601T,70.69,0.47,0.00,0,28.84
