20210901T,54.24,6.31,10.09,0,29.36
20211201T,54.20,7.01,7.08,0,31.71
20220301T,54.16,6.14,7.97,0,31.72
20220601T,54.15,5.99,7.21,0,32.65
20220901T,54.11,7.91,3.76,0,34.22
20221201T,54.10,7.87,2.87,0,35.16
20230301T,54.06,7.99,2.09,0,35.86
20230601T,54.05,7.16,1.99,0,36.81
20230901T,53.99,5.45,1.91,0,38.63
20231201T,53.99,4.75,1.96,0,39.31
20240301T,53.98,5.02,2.00,0,38.99
20240601T,44.18,7.77,11.73,0,36.31
