20210901T,54.61,4.89,8.83,0,31.67
20211201T,54.61,4.92,9.32,0,31.15
20220301T,54.61,5.21,9.27,0,30.90
20220601T,54.61,5.34,11.11,0,28.94
20220901T,54.61,5.45,11.33,0,28.60
20221201T,54.61,2.14,11.62,0,31.61
20230301T,54.61,2.53,12.49,0,30.36
20230601T,54.61,3.59,12.96,0,28.84
20230901T,54.61,3.99,11.60,0,29.79
20231201T,54.61,3.80,12.02,0,29.56
20240301T,54.61,3.57,11.22,0,30.61
20240601T,54.61,3.84,11.25,0,30.29
