20211201T,75.00,2.02,3.02,0,19.96
20220301T,75.00,2.04,2.86,0,20.10
20220601T,61.19,1.87,4.14,0,32.79
20220901T,61.19,1.57,4.45,0,32.79
20221201T,62.73,1.42,4.45,0,31.39
20230301T,62.73,1.39,4.41,0,31.47
20230601T,62.73,2.19,4.77,0,30.30
20230901T,62.73,2.27,4.82,0,30.18
20231201T,62.73,2.53,5.01,0,29.72
20240301T,62.73,2.09,4.99,0,30.18
20240601T,46.24,4.96,10.58,0,38.21
20240901T,46.24,2.95,10.27,0,40.54
