20210901T,36.79,0.57,11.69,0,50.95
20211201T,36.79,0.60,12.24,0,50.38
20220301T,36.79,0.70,12.40,0,50.11
20220601T,36.79,0.72,12.76,0,49.73
20220901T,36.79,0.73,13.00,0,49.48
20221201T,36.79,0.62,13.15,0,49.43
20230301T,36.79,32.62,13.30,0,17.28
20230601T,36.79,32.59,12.46,0,18.15
20230901T,36.79,32.74,10.96,0,19.51
20231201T,36.79,33.35,9.48,0,20.38
20240301T,36.79,32.83,9.96,0,20.42
20240601T,36.79,33.22,10.40,0,19.60
