20210901T,64.44,0.00,0.00,0,35.56
20211201T,64.44,0.00,0.00,0,35.56
20220301T,66.14,0.00,0.00,0,33.86
20220601T,66.14,0.00,0.00,0,33.86
20220901T,66.16,0.00,0.00,0,33.84
20221201T,66.18,0.00,0.00,0,33.83
20230301T,66.21,0.00,0.00,0,33.78
20230601T,66.21,0.01,0.00,0,33.78
20230901T,66.22,0.00,0.00,0,33.78
20231201T,66.24,0.02,0.22,0,33.52
20240301T,66.34,0.01,0.00,0,33.66
20240601T,66.34,0.07,0.00,0,33.60
