20210901T,75.00,1.32,6.13,0,17.55
20211201T,75.00,1.36,6.17,0,17.47
20220301T,75.00,1.69,6.36,0,16.95
20220601T,75.00,1.90,6.70,0,16.40
20220901T,75.00,2.05,6.39,0,16.54
20221201T,75.00,2.44,5.52,0,17.02
20230301T,75.00,2.40,5.50,0,17.09
20230601T,75.00,2.51,5.50,0,16.96
20230901T,75.00,2.58,6.06,0,16.33
20231201T,75.00,2.61,6.02,0,16.35
20240301T,75.00,2.74,6.63,0,15.61
20240601T,75.00,3.06,7.13,0,14.79
