20211201T,74.65,0.94,0.48,0,23.93
20220301T,74.65,0.92,0.48,0,23.95
20220601T,74.64,0.63,0.43,0,24.29
20220901T,74.64,0.61,0.35,0,24.39
20221201T,74.64,0.59,0.35,0,24.40
20230301T,74.64,0.56,0.35,0,24.43
20230601T,74.64,0.60,0.35,0,24.40
20230901T,74.64,0.57,0.21,0,24.57
20231201T,74.64,0.57,0.21,0,24.56
20240301T,74.64,0.58,0.21,0,24.55
20240601T,74.64,0.59,0.21,0,24.54
20240901T,74.64,0.44,0.21,0,24.70
