20211201T,51.16,0.38,0.04,0,48.42
20220301T,51.16,0.22,0.04,0,48.58
20220601T,51.16,0.43,0.04,0,48.37
20220901T,51.16,0.33,0.04,0,48.47
20221201T,51.16,0.31,0.04,0,48.50
20230301T,51.16,0.88,0.04,0,47.92
20230601T,51.16,0.73,0.05,0,48.07
20230901T,51.16,0.96,0.04,0,47.84
20231201T,51.16,0.93,0.08,0,47.83
20240301T,51.16,0.80,0.10,0,47.95
20240601T,51.16,0.86,0.10,0,47.87
20240901T,51.16,0.89,0.12,0,47.83
