20210901T,75.00,8.09,3.32,0,13.59
20211201T,75.00,8.95,2.92,0,13.13
20220301T,75.00,9.21,4.18,0,11.61
20220601T,75.00,9.32,4.73,0,10.95
20220901T,75.00,9.79,3.94,0,11.27
20221201T,75.00,10.44,3.79,0,10.77
20230301T,75.00,10.56,3.61,0,10.83
20230601T,75.00,10.39,3.67,0,10.95
20230901T,75.00,10.57,4.47,0,9.96
20231201T,75.00,9.01,6.59,0,9.40
20240301T,75.00,8.87,6.50,0,9.62
20240601T,75.00,7.89,8.23,0,8.89
