20210901T,67.15,19.91,4.19,0,8.75
20211201T,67.13,20.13,4.82,0,7.91
20220301T,67.13,20.66,4.75,0,7.46
20220601T,67.13,19.38,5.39,0,8.10
20220901T,67.12,18.94,6.26,0,7.66
20221201T,67.12,18.96,6.45,0,7.47
20230301T,67.22,19.52,6.10,0,7.15
20230601T,67.22,17.47,5.97,0,9.32
20230901T,67.22,16.67,6.99,0,9.12
20231201T,63.24,20.28,7.24,0,9.23
20240301T,63.24,18.34,9.10,0,9.30
20240601T,63.24,18.52,9.29,0,8.94
