20210901T,48.85,10.38,25.30,0,15.47
20211201T,48.85,16.16,19.70,0,15.29
20220301T,48.85,16.16,19.65,0,15.34
20220601T,48.85,15.79,19.69,0,15.67
20220901T,48.85,16.32,19.15,0,15.68
20221201T,48.85,17.41,18.52,0,15.22
20230301T,48.85,18.10,17.96,0,15.11
20230601T,48.85,19.06,17.12,0,14.98
20230901T,48.85,23.85,12.54,0,14.76
20231201T,48.85,24.65,11.95,0,14.32
20240301T,48.85,24.68,11.41,0,15.07
20240601T,48.85,25.05,11.50,0,14.60
