20210901T,44.62,4.68,13.29,0,37.42
20211201T,44.61,5.92,14.11,0,35.36
20220301T,44.64,5.01,14.90,0,35.45
20220601T,44.64,4.95,14.81,0,35.60
20220901T,44.64,5.42,15.20,0,34.72
20221201T,44.64,5.10,15.62,0,34.65
20230301T,44.64,5.07,15.95,0,34.31
20230601T,44.64,5.11,15.90,0,34.34
20230901T,44.63,4.76,15.86,0,34.75
20231201T,44.63,4.56,16.21,0,34.62
20240301T,44.62,4.79,17.50,0,33.10
20240601T,44.62,5.82,16.94,0,32.64
