20210901T,70.34,0.00,0.04,0,29.62
20211201T,66.90,0.06,0.03,0,33.00
20220301T,65.23,0.00,0.04,0,34.74
20220601T,65.09,0.00,0.04,0,34.88
20220901T,64.77,0.01,0.03,0,35.19
20221201T,64.72,0.01,0.03,0,35.24
20230301T,64.85,0.01,0.03,0,35.12
20230601T,64.90,0.01,0.03,0,35.07
20230901T,64.54,0.01,0.03,0,35.43
20231201T,62.31,0.01,0.03,0,37.65
20240301T,49.94,0.01,0.03,0,50.02
20240601T,46.68,0.20,0.03,0,53.10
