20210901T,63.96,0.34,0.02,0,35.68
20211201T,63.96,0.94,0.02,0,35.08
20220301T,63.96,1.19,0.02,0,34.83
20220601T,63.96,1.31,0.02,0,34.71
20220901T,63.96,1.37,0.02,0,34.64
20221201T,63.96,1.35,0.02,0,34.67
20230301T,63.96,1.25,0.02,0,34.76
20230601T,63.96,0.90,0.02,0,35.12
20230901T,63.96,0.83,0.02,0,35.18
20231201T,63.96,0.83,0.02,0,35.20
20240301T,63.96,0.87,0.02,0,35.16
20240601T,63.96,0.87,0.02,0,35.15
