20210601T,41.68,0.00,0.50,0,57.82
20210901T,41.68,0.00,1.12,0,57.21
20211201T,41.68,0.00,1.24,0,57.08
20220301T,46.45,0.00,1.14,0,52.41
20220601T,30.24,0.00,0.97,0,68.78
20220901T,38.50,0.33,0.00,0,61.17
20221201T,24.32,0.33,0.00,0,75.35
20230301T,24.39,0.33,0.00,0,75.28
20230601T,23.76,0.32,0.00,0,75.92
20230901T,23.76,0.01,0.00,0,76.23
20231201T,23.76,0.00,0.00,0,76.24
20240301T,20.38,0.00,0.00,0,79.62
