20210901T,60.00,0.44,0.44,0,39.12
20211201T,60.00,0.52,0.44,0,39.04
20220301T,64.98,0.45,0.46,0,34.11
20220601T,64.98,0.45,0.39,0,34.18
20220901T,64.98,0.48,0.12,0,34.41
20221201T,69.56,0.46,0.11,0,29.85
20230301T,69.56,0.51,0.11,0,29.80
20230601T,69.56,0.48,0.08,0,29.88
20230901T,69.56,0.50,0.01,0,29.92
20231201T,69.56,0.54,0.01,0,29.88
20240301T,69.56,0.46,1.05,0,28.91
20240601T,70.26,0.45,1.05,0,28.21
