20210901T,39.56,5.23,0,0,55.21
20211201T,39.56,5.13,0,0,55.31
20220301T,39.56,4.39,0,0,56.05
20220601T,39.56,4.47,0,0,55.97
20220901T,38.77,4.38,0,0,56.86
20221201T,38.77,4.38,0,0,56.84
20230301T,38.77,4.38,0,0,56.85
20230601T,38.77,4.38,0,0,56.85
20230901T,38.77,4.35,0,0,56.88
20231201T,38.77,4.11,0,0,57.11
20240301T,38.77,4.11,0,0,57.10
20240601T,38.33,3.76,0,0,57.91
