20210901T,67.58,0.10,0,0,32.33
20211201T,67.58,0.28,0,0,32.14
20220301T,67.58,0.00,0,0,32.42
20220601T,67.58,0.02,0,0,32.40
20220901T,67.58,0.01,0,0,32.42
20221201T,67.58,0.00,0,0,32.42
20230301T,57.02,0.00,0,0,42.98
20230601T,52.75,0.00,0,0,47.26
20230901T,52.75,0.00,0,0,47.24
20231201T,52.75,0.00,0,0,47.25
20240301T,52.75,0.00,0,0,47.26
20240601T,52.75,0.00,0,0,47.25
