20210901T,56.37,0.00,0.00,0,43.63
20211201T,56.37,0.02,0.00,0,43.61
20220301T,56.37,0.06,0.00,0,43.57
20220601T,56.37,0.08,0.00,0,43.56
20220901T,56.36,0.01,0.00,0,43.64
20221201T,56.36,0.07,0.00,0,43.56
20230301T,56.36,0.00,0.00,0,43.64
20230601T,56.36,0.03,0.00,0,43.61
20230901T,56.36,0.06,0.41,0,43.17
20231201T,56.36,0.04,0.00,0,43.60
20240301T,56.36,0.06,0.47,0,43.11
20240601T,56.36,0.12,0.20,0,43.32
