20210901T,73.25,4.25,9.46,0,13.04
20211201T,73.25,4.31,10.02,0,12.42
20220301T,73.25,4.49,10.05,0,12.21
20220601T,73.25,4.33,10.89,0,11.53
20220901T,73.25,4.03,11.14,0,11.59
20221201T,73.25,4.01,11.22,0,11.53
20230301T,73.25,3.74,11.10,0,11.91
20230601T,73.38,3.62,10.69,0,12.29
20230901T,73.38,3.81,10.44,0,12.34
20231201T,73.38,3.40,11.03,0,12.17
20240301T,73.38,3.32,10.27,0,13.02
20240601T,73.38,4.83,9.98,0,11.80
