20211201T,74.99,0.45,1.83,0,22.73
20220301T,74.99,0.40,2.12,0,22.49
20220601T,74.99,0.25,3.24,0,21.53
20220901T,74.99,0.40,3.58,0,21.03
20221201T,74.99,0.52,4.42,0,20.08
20230301T,74.99,0.33,4.22,0,20.44
20230601T,74.99,0.93,4.27,0,19.80
20230901T,74.99,0.94,3.60,0,20.47
20231201T,74.98,0.80,3.46,0,20.75
20240301T,74.98,0.70,2.96,0,21.34
20240601T,74.98,0.82,2.69,0,21.49
20240901T,74.99,0.76,1.44,0,22.81
