20210901T,53.41,1.55,0.28,0,44.76
20211201T,53.41,1.38,0.28,0,44.93
20220301T,53.41,0.84,0.28,0,45.47
20220601T,53.41,0.75,0.04,0,45.80
20220901T,53.41,0.41,0.00,0,46.19
20221201T,53.41,0.13,0.00,0,46.44
20230301T,53.41,0.13,0.00,0,46.45
20230601T,53.41,0.13,0.00,0,46.46
20230901T,53.41,0.00,0.00,0,46.57
20231201T,53.41,0.00,0.00,0,46.59
20240301T,53.41,0.02,0.00,0,46.56
20240601T,53.41,0.00,0.00,0,46.58
