20210901T,42.51,13.41,1.57,0,42.51
20211201T,43.74,13.47,0.05,0,42.74
20220301T,43.74,13.46,3.03,0,39.77
20220601T,43.74,13.46,2.77,0,40.03
20220901T,43.73,12.73,0.09,0,43.43
20221201T,43.73,14.02,0.07,0,42.16
20230301T,44.18,14.23,0.07,0,41.50
20230601T,44.18,14.56,0.38,0,40.89
20230901T,44.17,15.15,0.74,0,39.94
20231201T,44.16,15.46,0.90,0,39.46
20240301T,44.16,15.13,0.66,0,40.04
20240601T,44.16,14.55,0.75,0,40.55
