20190901T,72.73,0,0,0,27.27
20200301T,72.73,0,0,0,27.27
20200901T,74.39,0,0,0,25.61
20210301T,74.59,0,0,0,25.41
20210901T,74.65,0,0,0,25.36
20220301T,74.53,0,0,0,25.47
20220901T,74.71,0,0,0,25.29
20230301T,74.71,0,0,0,25.29
20230401T,74.39,0,0,0,25.61
20230901T,73.34,0,0,0,26.66
20240301T,69.68,0,0,0,30.32
20240601T,69.62,0,0,0,30.38
