20211201T,74.91,0.06,0.00,0,25.04
20220301T,74.91,0.19,0.00,0,24.90
20220601T,74.91,0.00,0.00,0,25.09
20220901T,74.91,0.05,0.00,0,25.05
20221201T,74.91,0.00,0.00,0,25.09
20230301T,74.91,0.02,0.00,0,25.07
20230601T,74.91,0.03,0.00,0,25.07
20230901T,74.91,0.56,0.00,0,24.53
20231201T,69.65,3.48,0.00,0,26.87
20240301T,69.65,4.45,1.89,0,24.00
20240601T,66.16,8.00,6.33,0,19.50
20240901T,66.16,9.34,6.93,0,17.57
