20211201T,34.72,25.67,13.41,0,26.20
20220301T,34.72,25.36,13.71,0,26.20
20220601T,34.72,25.33,13.99,0,25.96
20220901T,34.72,25.59,14.91,0,24.78
20221201T,34.45,25.58,15.12,0,24.82
20230301T,34.44,25.04,15.85,0,24.65
20230601T,34.45,25.39,16.33,0,23.82
20230901T,34.42,25.27,16.87,0,23.43
20231201T,34.42,25.62,17.06,0,22.90
20240301T,33.55,25.46,17.39,0,23.58
20240601T,33.55,24.12,18.69,0,23.62
20240801T,33.84,24.05,18.93,0,23.17
