20210901T,34.41,22.38,18.28,0,24.83
20211201T,33.92,21.36,18.11,0,26.51
20220301T,33.92,22.87,20.41,0,22.70
20220601T,33.92,21.95,19.01,0,25.02
20220901T,33.92,21.52,18.17,0,26.23
20221201T,33.90,21.87,19.62,0,24.45
20230301T,33.90,20.62,20.68,0,24.63
20230601T,33.90,20.28,20.96,0,24.70
20230901T,33.90,20.31,22.20,0,23.43
20231201T,33.70,20.01,23.15,0,22.99
20240301T,33.19,19.61,23.51,0,23.52
20240601T,33.19,19.68,23.33,0,23.60
