20211201T,46.40,14.57,13.64,0,25.24
20220301T,46.40,14.45,14.38,0,24.62
20220601T,46.40,13.71,15.17,0,24.57
20220901T,46.40,14.13,14.75,0,24.58
20221201T,46.39,13.89,15.21,0,24.36
20230301T,46.39,15.34,17.69,0,20.41
20230601T,46.39,17.72,17.38,0,18.38
20230901T,46.38,18.40,17.37,0,17.70
20231201T,46.37,18.62,17.25,0,17.60
20240301T,46.36,19.20,16.01,0,18.31
20240601T,46.36,18.18,15.93,0,19.39
20240901T,41.86,18.12,13.33,0,26.55
