20211201T,73.38,1.33,0.43,0,24.36
20220301T,73.38,1.33,0.43,0,24.36
20220601T,73.38,1.33,0.46,0,24.33
20220901T,73.38,0.87,0.42,0,24.83
20221201T,73.38,1.00,0.43,0,24.69
20230301T,73.38,1.02,0.43,0,24.66
20230601T,73.38,1.16,0.43,0,24.52
20230901T,73.38,1.12,0.44,0,24.56
20231201T,73.38,1.20,0.45,0,24.48
20240301T,73.38,2.25,0.46,0,23.41
20240601T,73.38,2.35,0.48,0,23.30
20240901T,73.38,2.26,0.50,0,23.36
