20210901T,37.98,14.45,20.02,0,27.53
20211201T,37.98,13.96,18.32,0,29.71
20220301T,37.98,13.62,19.89,0,28.48
20220601T,37.98,14.99,19.14,0,27.86
20220901T,37.98,14.92,19.42,0,27.64
20221201T,37.98,14.43,18.97,0,28.60
20230301T,37.98,14.59,19.77,0,27.64
20230601T,37.98,14.47,19.91,0,27.63
20230901T,37.98,14.16,20.91,0,26.92
20231201T,37.98,14.07,20.44,0,27.49
20240301T,37.98,13.84,19.97,0,28.18
20240601T,37.98,13.76,19.91,0,28.31
