20210901T,58.86,23.45,7.63,0,10.06
20211201T,58.86,21.57,8.85,0,10.72
20220301T,58.86,19.38,11.49,0,10.26
20220601T,58.86,17.88,12.93,0,10.33
20220901T,58.86,17.02,13.89,0,10.22
20221201T,58.86,17.28,13.92,0,9.92
20230301T,58.86,16.99,14.02,0,10.11
20230601T,58.86,17.18,14.07,0,9.88
20230901T,58.86,17.53,13.55,0,10.06
20231201T,58.86,19.20,12.12,0,9.81
20240301T,58.86,18.24,13.14,0,9.77
20240601T,58.86,18.09,13.15,0,9.91
