20211201T,74.12,1.45,0.00,0,24.43
20220301T,74.12,1.31,0.00,0,24.57
20220601T,74.12,1.28,0.00,0,24.61
20220901T,74.12,0.93,0.00,0,24.94
20221201T,74.12,0.59,0.00,0,25.29
20230301T,74.12,0.60,0.00,0,25.27
20230601T,74.12,0.56,0.00,0,25.31
20230901T,74.12,0.94,0.00,0,24.94
20231201T,74.12,1.82,0.00,0,24.05
20240301T,74.12,1.02,0.00,0,24.87
20240601T,74.12,0.76,0.00,0,25.12
20240901T,74.12,0.92,0.12,0,24.85
