20211201T,66.54,2.31,12.62,0,18.53
20220301T,66.57,2.66,12.25,0,18.52
20220601T,66.57,3.11,12.04,0,18.28
20220901T,69.03,3.32,11.81,0,15.82
20221201T,69.03,3.30,11.70,0,15.97
20230301T,69.00,2.77,12.23,0,16.01
20230601T,68.95,2.54,12.75,0,15.76
20230901T,68.95,2.58,12.87,0,15.61
20231201T,68.92,2.61,12.81,0,15.65
20240301T,68.92,2.67,12.18,0,16.22
20240601T,68.93,2.92,12.18,0,15.97
20240901T,68.78,3.03,12.36,0,15.84
