20210901T,55.74,0.29,6.16,0,37.81
20211201T,55.74,0.37,6.60,0,37.30
20220301T,55.74,0.42,5.73,0,38.12
20220601T,55.74,0.53,4.88,0,38.85
20220901T,55.74,0.80,3.37,0,40.10
20221201T,55.74,0.95,3.94,0,39.13
20230301T,55.74,0.69,3.99,0,39.34
20230601T,55.74,0.61,3.99,0,39.41
20230901T,55.74,0.71,5.94,0,37.37
20231201T,55.74,0.74,6.49,0,36.80
20240301T,55.74,0.80,8.01,0,35.22
20240601T,55.74,0.78,9.20,0,34.05
