20211201T,32.51,38.21,17.88,0,11.32
20220301T,31.51,37.43,21.19,0,9.79
20220601T,31.51,37.34,21.14,0,9.94
20220901T,31.51,37.08,21.24,0,10.11
20221201T,31.51,37.25,23.81,0,7.37
20230301T,31.51,36.47,24.85,0,7.12
20230601T,31.61,32.86,27.81,0,7.66
20230901T,31.61,30.47,30.41,0,7.47
20231201T,31.61,26.26,35.33,0,6.77
20240301T,31.61,27.01,34.06,0,7.29
20240601T,31.61,28.72,31.81,0,7.84
20240901T,31.61,24.72,34.61,0,9.04
