20210901T,0.00,14.48,5.70,0,79.82
20211201T,37.32,14.24,5.25,0,43.19
20220301T,37.17,14.01,5.21,0,43.60
20220601T,52.40,10.33,3.99,0,33.27
20220901T,52.20,10.84,4.14,0,32.82
20221201T,51.97,11.22,4.20,0,32.60
20230301T,56.37,10.49,3.98,0,29.16
20230601T,55.97,10.91,3.89,0,29.21
20230901T,55.92,11.11,4.03,0,28.93
20231201T,55.80,11.26,4.35,0,28.58
20240301T,55.60,11.33,4.76,0,28.31
20240601T,55.50,10.20,4.91,0,29.39
