20210901T,44.24,0.17,0.23,0,55.36
20211201T,44.24,1.07,0.01,0,54.69
20220301T,44.24,1.07,0.01,0,54.68
20220601T,44.24,0.88,0.01,0,54.88
20220901T,44.24,1.02,0.00,0,54.74
20221201T,44.24,0.92,0.00,0,54.84
20230301T,44.24,0.91,0.00,0,54.85
20230601T,44.24,0.85,0.00,0,54.92
20230901T,44.24,0.63,0.00,0,55.14
20231201T,44.24,0.60,0.00,0,55.15
20240301T,44.24,0.27,0.00,0,55.50
20240601T,44.24,0.29,0.00,0,55.46
