20210901T,27.25,16.16,0.03,0,56.56
20211201T,28.43,14.14,0.01,0,57.42
20220301T,28.43,14.47,0.00,0,57.09
20220601T,28.43,14.57,0.01,0,56.99
20220901T,16.83,16.85,0.01,0,66.30
20221201T,17.94,16.72,0.00,0,65.32
20230301T,17.96,16.78,0.00,0,65.24
20230601T,17.96,16.29,0.00,0,65.73
20230901T,17.96,13.01,0.00,0,69.02
20231201T,17.67,13.88,0.00,0,68.44
20240301T,8.04,3.41,0.03,0,88.53
20240601T,7.85,2.97,0.04,0,89.14
