20200301T,56.25,0.00,8.37,0,35.39
20200901T,55.90,0.00,0.30,0,43.80
20210301T,55.32,0.00,0.00,0,44.67
20210901T,54.84,0.00,0.00,0,45.16
20211001T,54.84,0.00,0.00,0,45.16
20220301T,54.71,0.00,0.00,0,45.30
20220901T,54.44,0.00,0.00,0,45.56
20230301T,54.34,0.14,0.45,0,45.07
20230901T,54.22,0.00,0.72,0,45.06
20231201T,54.15,0.00,0.72,0,45.13
20240301T,54.02,0.49,0.76,0,44.72
20240601T,53.64,0.12,0.89,0,45.36
