20211201T,68.03,0.00,0.00,0,31.97
20220301T,60.92,0.00,0.00,0,39.08
20220601T,60.94,0.00,0.00,0,39.06
20220901T,61.05,0.00,0.00,0,38.94
20221201T,61.06,0.00,0.00,0,38.94
20230301T,64.85,0.00,0.00,0,35.13
20230601T,69.64,0.00,0.00,0,30.37
20230901T,69.64,1.27,0.00,0,29.09
20231201T,64.54,1.06,0.00,0,34.40
20240301T,60.13,0.70,0.61,0,38.56
20240601T,58.80,0.32,1.02,0,39.86
20240701T,57.86,0.30,0.98,0,40.86
