20210901T,71.22,12.10,6.59,0,10.09
20211201T,71.18,12.02,6.71,0,10.09
20220301T,71.18,12.68,6.88,0,9.26
20220601T,71.18,12.82,7.15,0,8.85
20220901T,71.14,10.42,9.14,0,9.29
20221201T,71.14,10.13,8.68,0,10.04
20230301T,71.14,9.99,8.45,0,10.40
20230601T,71.14,3.44,13.46,0,11.95
20230901T,71.14,3.46,13.33,0,12.08
20231201T,71.11,3.35,13.89,0,11.64
20240301T,71.11,2.90,14.88,0,11.11
20240601T,71.11,2.49,14.89,0,11.49
