20210901T,46.49,25.21,15.68,0,12.61
20211201T,46.48,26.09,14.95,0,12.48
20220301T,46.46,26.06,14.34,0,13.13
20220601T,46.45,25.90,14.70,0,12.95
20220901T,46.45,26.30,14.06,0,12.74
20221201T,46.44,28.82,11.76,0,12.55
20230301T,46.21,28.92,11.79,0,12.64
20230601T,46.13,29.41,12.25,0,11.77
20230901T,46.12,30.42,11.47,0,11.55
20231201T,45.11,28.83,14.14,0,11.48
20240301T,45.11,28.33,14.80,0,11.32
20240601T,45.04,27.40,15.49,0,11.61
