20211201T,56.30,0.00,12.59,0,31.11
20220301T,56.30,0.00,12.32,0,31.38
20220601T,56.30,0.00,12.30,0,31.40
20220901T,56.29,0.00,12.19,0,31.50
20221201T,56.29,0.05,11.77,0,31.88
20230301T,56.29,0.05,8.96,0,34.70
20230601T,56.29,0.03,7.92,0,35.74
20230901T,56.29,0.00,5.93,0,37.78
20231201T,56.29,0.00,5.76,0,37.95
20240301T,74.99,0.00,3.30,0,21.71
20240601T,68.43,0.00,0.87,0,30.69
20240901T,68.43,0.01,0.87,0,30.69
