20210901T,51.33,13.37,11.01,0,24.29
20211201T,51.33,12.43,10.09,0,26.14
20220301T,51.33,10.87,9.59,0,28.21
20220601T,51.33,8.70,9.13,0,30.83
20220901T,51.33,7.81,9.24,0,31.62
20221201T,51.33,8.88,8.94,0,30.85
20230301T,51.47,8.05,8.16,0,32.31
20230601T,51.69,6.88,6.21,0,35.22
20230901T,51.69,5.96,9.95,0,32.39
20231201T,51.51,5.70,10.42,0,32.37
20240301T,51.56,6.18,10.93,0,31.32
20240601T,51.56,6.78,10.97,0,30.67
