20180901T,62.56,0,0,0,37.44
20190301T,63.65,0,0,0,36.35
20190901T,65.70,0,0,0,34.30
20200301T,66.41,0,0,0,33.59
20200901T,66.74,0,0,0,33.27
20210301T,68.63,0,0,0,31.37
20210901T,69.49,0,0,0,30.50
20220301T,70.88,0,0,0,29.13
20220901T,70.88,0,0,0,29.12
20230301T,67.12,0,0,0,32.88
20230901T,63.85,0,0,0,36.15
20240301T,63.85,0,0,0,36.15
