20210901T,52.90,19.06,10.10,0,17.78
20211201T,52.90,18.56,10.29,0,18.09
20220301T,52.90,18.40,10.21,0,18.33
20220601T,52.90,16.77,11.26,0,18.91
20220901T,52.90,17.04,11.71,0,18.17
20221201T,52.90,17.53,11.14,0,18.26
20230301T,52.90,17.51,11.23,0,18.19
20230601T,52.90,18.53,10.46,0,17.93
20230901T,52.90,19.05,9.87,0,18.00
20231201T,52.90,18.89,10.25,0,17.77
20240301T,52.90,19.01,10.29,0,17.57
20240601T,52.90,18.21,10.68,0,17.94
