20210901T,34.54,7.13,0.03,0,58.29
20211201T,34.54,9.00,0.03,0,56.43
20220301T,34.54,9.61,0.03,0,55.82
20220601T,34.54,9.75,0.03,0,55.68
20220901T,34.54,10.16,0.03,0,55.25
20221201T,34.54,10.17,0.03,0,55.24
20230301T,34.54,8.02,0.03,0,57.40
20230601T,34.54,7.94,0.03,0,57.46
20230901T,34.54,7.74,0.03,0,57.69
20231201T,34.54,7.10,0.03,0,58.33
20240301T,34.54,6.14,0.03,0,59.27
20240601T,34.54,6.18,0.03,0,59.24
