20210901T,71.25,11.53,8.72,0,8.50
20211201T,71.25,11.63,8.94,0,8.18
20220301T,71.25,10.88,9.74,0,8.14
20220601T,71.25,10.80,10.01,0,7.95
20220901T,71.25,11.37,9.40,0,7.87
20221201T,71.25,12.09,8.77,0,7.78
20230301T,71.25,12.04,8.89,0,7.71
20230601T,71.25,12.85,8.22,0,7.59
20230901T,71.25,13.15,7.91,0,7.59
20231201T,71.25,14.08,7.11,0,7.46
20240301T,71.25,14.14,7.15,0,7.34
20240601T,71.25,14.22,7.17,0,7.25
