20211201T,39.42,0.00,0.05,0,60.53
20220301T,39.42,0.00,0.05,0,60.53
20220601T,39.42,0.00,0.05,0,60.53
20220901T,39.80,0.00,0.05,0,60.14
20221201T,40.90,0.00,0.01,0,59.09
20230301T,40.90,0.00,0.01,0,59.08
20230601T,40.90,0.29,0.00,0,58.82
20230901T,40.90,0.00,0.00,0,59.10
20231201T,40.90,0.00,0.00,0,59.10
20240301T,38.71,0.00,0.00,0,61.29
20240601T,34.35,0.00,0.00,0,65.65
20240901T,28.02,0.00,0.00,0,71.98
