20210901T,75.00,0.00,0.08,0,24.92
20211201T,74.86,0.03,0.08,0,25.03
20220301T,74.86,0.00,0.08,0,25.06
20220601T,74.86,0.00,0.08,0,25.06
20220901T,74.86,0.01,0.08,0,25.06
20221201T,74.86,0.00,0.08,0,25.06
20230301T,74.86,0.00,0.08,0,25.05
20230601T,74.86,0.05,0.08,0,25.01
20230901T,74.86,0.00,0.08,0,25.07
20231201T,74.86,0.00,0.08,0,25.06
20240301T,74.86,0.01,0.08,0,25.04
20240601T,74.86,0.12,0.08,0,24.94
