20210901T,30.00,0.46,0.22,0,69.33
20211201T,30.00,1.02,0.22,0,68.76
20220301T,30.00,1.64,0.22,0,68.15
20220601T,30.00,0.75,0.21,0,69.04
20220901T,29.99,0.78,0.22,0,69.00
20221201T,29.99,0.61,0.22,0,69.17
20230301T,29.99,0.32,0.22,0,69.46
20230601T,29.99,0.03,0.22,0,69.75
20230901T,29.99,0.03,0.22,0,69.75
20231201T,28.33,0.00,0.22,0,71.46
20240301T,23.06,0.00,0.00,0,76.93
20240601T,23.06,0.00,0.00,0,76.94
