20210901T,37.01,30.13,11.15,0,21.71
20211201T,37.01,28.94,12.47,0,21.58
20220301T,37.01,28.32,13.43,0,21.24
20220601T,37.01,26.82,14.58,0,21.59
20220901T,37.01,25.92,15.16,0,21.90
20221201T,37.01,24.76,16.11,0,22.12
20230301T,37.01,24.43,16.10,0,22.45
20230601T,37.01,25.01,15.81,0,22.17
20230901T,37.01,26.17,14.89,0,21.92
20231201T,37.01,25.91,14.82,0,22.26
20240301T,37.01,26.81,13.89,0,22.29
20240601T,37.01,27.87,13.18,0,21.95
