20211201T,58.28,0.14,0.01,0,41.58
20220301T,58.39,0.37,0.01,0,41.23
20220601T,58.49,0.15,0.00,0,41.36
20220901T,58.52,0.08,0.00,0,41.41
20221201T,58.62,0.06,0.00,0,41.33
20230301T,58.64,0.06,0.00,0,41.29
20230601T,58.66,0.06,0.00,0,41.30
20230901T,58.66,0.06,0.00,0,41.29
20231201T,58.68,0.00,0.00,0,41.32
20240301T,58.69,0.04,0.00,0,41.27
20240601T,58.66,0.00,0.00,0,41.33
20240901T,58.69,0.08,0.00,0,41.21
