20210901T,74.36,0.16,0.01,0,25.47
20211201T,74.36,0.79,0.02,0,24.83
20220301T,74.36,1.59,0.00,0,24.05
20220601T,74.36,2.34,0.04,0,23.26
20220901T,74.36,2.32,0.05,0,23.26
20221201T,74.36,2.18,0.04,0,23.40
20230301T,74.36,2.16,0.04,0,23.43
20230601T,74.36,2.03,0.05,0,23.56
20230901T,74.36,2.23,0.06,0,23.35
20231201T,74.36,2.26,0.05,0,23.33
20240301T,74.36,2.46,0.06,0,23.12
20240601T,74.36,2.38,0.07,0,23.19
