20210901T,60.40,12.17,0.19,0,27.24
20211201T,60.40,14.09,0.19,0,25.32
20220301T,60.40,12.75,1.36,0,25.49
20220601T,60.40,10.25,1.72,0,27.63
20220901T,60.40,9.85,1.60,0,28.14
20221201T,60.40,8.58,1.60,0,29.41
20230301T,60.40,8.54,1.63,0,29.43
20230601T,60.40,8.50,2.74,0,28.36
20230901T,60.40,8.55,3.10,0,27.94
20231201T,60.40,7.46,4.14,0,28.00
20240301T,60.40,7.36,4.17,0,28.08
20240601T,60.40,7.38,1.66,0,30.56
