20210901T,45.36,2.32,0.65,0,51.67
20211201T,45.36,2.31,0.30,0,52.03
20220301T,45.36,2.10,0.03,0,52.51
20220601T,45.36,1.88,0.03,0,52.72
20220901T,45.37,1.41,0.02,0,53.21
20221201T,45.58,1.20,0.05,0,53.17
20230301T,45.70,1.08,0.36,0,52.85
20230601T,45.70,1.01,0.49,0,52.80
20230901T,45.70,1.11,2.77,0,50.41
20231201T,45.70,1.16,5.04,0,48.07
20240301T,45.70,1.02,5.04,0,48.22
20240601T,45.70,1.00,5.02,0,48.27
