20211201T,58.45,4.65,16.21,0,20.69
20220301T,58.45,4.37,16.51,0,20.67
20220601T,58.45,4.13,16.39,0,21.03
20220901T,58.45,3.77,15.93,0,21.85
20221201T,58.45,3.22,15.37,0,22.96
20230301T,58.45,1.97,14.60,0,24.97
20230601T,58.45,1.51,14.60,0,25.42
20230901T,58.45,1.47,13.92,0,26.15
20231201T,58.45,1.46,12.97,0,27.11
20240301T,58.45,1.62,12.96,0,26.96
20240601T,58.45,1.58,12.98,0,26.98
20240901T,58.45,3.70,10.97,0,26.88
