20210901T,44.02,6.20,1.15,0,48.64
20211201T,44.02,6.42,1.08,0,48.48
20220301T,44.02,6.66,0.33,0,49.00
20220601T,44.58,7.09,0.18,0,48.15
20220901T,44.58,8.69,0.22,0,46.54
20221201T,44.58,8.34,0.25,0,46.84
20230301T,44.58,7.26,0.66,0,47.50
20230601T,44.58,7.14,0.66,0,47.62
20230901T,44.58,6.51,0.68,0,48.25
20231201T,44.58,7.04,0.69,0,47.70
20240301T,44.58,7.47,0.70,0,47.26
20240601T,44.58,8.03,0.72,0,46.67
