20211201T,83.32,0.11,0.75,0,15.82
20220301T,83.32,0.14,0.66,0,15.88
20220601T,83.32,0.18,0.65,0,15.85
20220901T,73.68,3.25,9.08,0,13.99
20221201T,73.68,2.29,8.21,0,15.83
20230301T,73.67,1.96,8.35,0,16.00
20230601T,73.67,3.90,7.07,0,15.35
20230901T,73.66,3.54,4.21,0,18.59
20231201T,73.60,3.70,3.99,0,18.72
20240301T,73.52,3.48,2.33,0,20.67
20240601T,0.00,24.68,7.33,0,67.99
20240901T,0.00,20.63,6.50,0,72.87
