20210901T,59.96,16.48,14.51,0,8.91
20211201T,59.96,15.74,15.15,0,9.00
20220301T,59.96,14.03,16.39,0,9.48
20220601T,59.96,13.12,18.16,0,8.62
20220901T,59.96,14.06,17.30,0,8.50
20221201T,59.96,14.11,17.40,0,8.35
20230301T,59.96,14.77,16.93,0,8.14
20230601T,59.96,15.81,15.95,0,8.09
20230901T,59.96,16.65,15.04,0,8.11
20231201T,59.96,18.20,13.68,0,7.95
20240301T,59.96,17.74,14.14,0,7.92
20240601T,59.98,18.15,13.83,0,7.82
