20211201T,74.65,0.78,0.00,0,24.58
20220301T,74.65,0.33,0.00,0,25.03
20220601T,74.65,0.33,0.00,0,25.02
20220901T,74.65,0.35,0.00,0,24.99
20221201T,74.65,0.31,0.00,0,25.04
20230301T,74.65,0.31,0.00,0,25.04
20230601T,74.65,0.38,0.00,0,24.98
20230901T,74.65,0.35,0.00,0,25.00
20231201T,74.65,0.35,0.00,0,25.00
20240301T,74.65,0.54,0.00,0,24.82
20240601T,74.65,0.57,0.01,0,24.77
20240901T,74.65,0.68,0.01,0,24.66
