20210901T,31.97,0.00,0.01,0,68.01
20211201T,31.97,0.07,0.01,0,67.95
20220301T,31.97,0.02,0.00,0,68.00
20220601T,31.97,0.00,0.01,0,68.02
20220901T,31.97,0.00,0.00,0,68.02
20221201T,30.18,0.00,0.00,0,69.82
20230301T,28.65,0.00,0.00,0,71.35
20230601T,27.14,0.01,0.00,0,72.85
20230901T,22.56,0.07,0.00,0,77.36
20231201T,20.32,0.00,0.00,0,79.67
20240301T,19.43,0.06,0.00,0,80.49
20240601T,19.43,0.44,0.00,0,80.12
