20210901T,50.13,8.57,0.05,0,41.24
20211201T,49.79,8.60,0.05,0,41.56
20220301T,49.26,8.69,0.05,0,42.00
20220601T,49.04,8.68,0.06,0,42.22
20220901T,48.70,8.89,0.04,0,42.37
20221201T,48.30,8.83,0.83,0,42.04
20230301T,48.27,9.50,2.12,0,40.12
20230601T,47.87,9.29,3.44,0,39.38
20230901T,47.51,12.03,3.86,0,36.60
20231201T,47.41,12.94,3.45,0,36.20
20240301T,46.04,14.78,3.60,0,35.57
20240601T,45.11,14.19,4.88,0,35.81
