20210901T,42.60,8.39,6.36,0,42.64
20211201T,42.60,8.02,6.36,0,43.02
20220301T,42.60,8.13,6.37,0,42.90
20220601T,42.60,8.25,6.37,0,42.78
20220901T,42.60,7.92,6.37,0,43.11
20221201T,42.60,7.93,6.32,0,43.15
20230301T,42.60,7.67,6.32,0,43.41
20230601T,42.60,4.11,6.32,0,46.97
20230901T,42.60,3.97,6.29,0,47.13
20231201T,42.60,3.31,6.29,0,47.81
20240301T,42.60,3.07,6.29,0,48.04
20240601T,41.93,2.93,6.18,0,48.97
