20210901T,40.56,1.93,1.93,0,55.58
20211201T,39.01,1.98,1.90,0,57.11
20220301T,39.00,1.73,1.92,0,57.35
20220601T,38.46,1.99,1.89,0,57.66
20220901T,38.43,0.68,2.13,0,58.78
20221201T,38.41,0.57,1.94,0,59.07
20230301T,38.41,0.18,0.89,0,60.52
20230601T,38.37,0.30,0.88,0,60.43
20230901T,37.90,0.19,0.92,0,60.99
20231201T,37.90,0.69,0.87,0,60.54
20240301T,37.77,1.14,0.43,0,60.65
20240601T,37.77,1.35,0.09,0,60.79
