20210901T,74.97,0.00,0.19,0,24.83
20211201T,74.97,0.00,0.36,0,24.67
20220301T,74.97,0.00,0.45,0,24.58
20220601T,74.97,0.00,0.37,0,24.66
20220901T,74.97,0.38,0.00,0,24.64
20221201T,74.97,0.14,0.00,0,24.89
20230301T,74.97,0.13,0.00,0,24.90
20230601T,74.97,0.13,0.00,0,24.90
20230901T,74.97,0.14,0.00,0,24.89
20231201T,74.97,0.13,0.00,0,24.90
20240301T,74.97,0.16,0.00,0,24.87
20240601T,74.97,0.18,0.00,0,24.85
