20220301T,60.16,1.49,0.01,0,38.34
20220601T,60.16,1.81,0.01,0,38.02
20220901T,60.16,1.83,0.01,0,38.00
20221201T,60.16,1.96,0.01,0,37.87
20230301T,60.16,2.82,0.01,0,37.02
20230601T,60.16,1.52,0.01,0,38.31
20230901T,55.21,1.40,0.01,0,43.40
20231201T,49.14,0.65,0.01,0,50.20
20240301T,49.14,0.38,0.01,0,50.47
20240601T,49.14,0.24,0.01,0,50.62
20240901T,49.14,0.32,0.01,0,50.53
20241001T,37.67,0.30,0.01,0,62.03
