20211201T,75.00,3.48,14.18,0,7.34
20220301T,75.00,3.92,14.92,0,6.16
20220601T,75.00,3.28,15.07,0,6.65
20220901T,75.00,3.51,14.31,0,7.18
20221201T,75.00,4.67,12.23,0,8.11
20230301T,75.00,5.04,12.02,0,7.94
20230601T,75.00,5.07,12.21,0,7.73
20230901T,75.00,5.00,12.43,0,7.58
20231201T,75.00,4.57,11.44,0,8.99
20240301T,75.00,4.22,12.15,0,8.64
20240601T,75.00,4.24,12.74,0,8.04
20240901T,75.00,3.80,12.65,0,8.54
