20210301T,73.61,0.00,0.00,0,26.39
20210901T,73.61,0.00,0.00,0,26.40
20220301T,73.66,0.00,0.00,0,26.35
20220601T,67.82,0.00,0.07,0,32.11
20220901T,65.86,0.06,0.00,0,34.08
20221201T,36.28,0.03,0.00,0,63.68
20230301T,26.14,0.02,0.00,0,73.84
20230601T,26.14,0.01,0.00,0,73.85
20230901T,18.10,0.01,0.00,0,81.88
20231201T,18.10,0.01,0.00,0,81.88
20240301T,18.10,0.01,0.00,0,81.88
20240601T,18.10,0.00,0.00,0,81.89
