20210901T,56.11,0.69,0.14,0,43.06
20211201T,56.11,0.74,0.14,0,43.01
20220301T,56.11,0.79,0.15,0,42.96
20220601T,56.11,0.86,0.17,0,42.86
20220901T,56.11,0.83,0.16,0,42.89
20221201T,56.11,0.86,0.17,0,42.85
20230301T,56.11,0.93,0.00,0,42.96
20230601T,56.11,0.95,0.00,0,42.93
20230901T,56.11,0.98,0.03,0,42.89
20231201T,56.11,1.07,0.12,0,42.70
20240301T,56.11,1.25,0.21,0,42.43
20240601T,56.11,1.40,0.21,0,42.28
