20211201T,40.81,0.28,0,0,58.91
20220301T,40.81,0.33,0,0,58.86
20220601T,41.76,0.96,0,0,57.28
20220901T,41.76,1.13,0,0,57.11
20221201T,41.76,1.07,0,0,57.19
20230301T,41.76,1.00,0,0,57.26
20230601T,41.76,0.98,0,0,57.26
20230901T,41.76,1.03,0,0,57.21
20231201T,41.76,1.59,0,0,56.65
20240301T,41.76,1.48,0,0,56.76
20240601T,41.76,1.06,0,0,57.17
20240901T,41.76,1.18,0,0,57.06
