20211201T,56.33,0.00,0,0,43.68
20220301T,56.33,0.00,0,0,43.67
20220601T,56.33,0.00,0,0,43.67
20220901T,56.33,0.00,0,0,43.67
20221201T,56.33,0.31,0,0,43.36
20230301T,56.33,0.82,0,0,42.86
20230601T,56.33,0.83,0,0,42.84
20230901T,48.96,3.30,0,0,47.74
20231201T,48.96,7.14,0,0,43.89
20240301T,37.52,23.06,0,0,39.43
20240601T,64.47,11.38,0,0,24.14
20240701T,64.47,11.41,0,0,24.11
