20210901T,55.74,2.28,0,0,41.98
20211201T,55.74,1.32,0,0,42.94
20220301T,55.74,1.32,0,0,42.94
20220601T,55.74,1.32,0,0,42.94
20220901T,55.74,0.00,0,0,44.25
20221201T,50.08,0.00,0,0,49.92
20230301T,50.08,0.00,0,0,49.93
20230601T,50.08,0.00,0,0,49.92
20230901T,47.15,0.00,0,0,52.86
20231201T,45.06,0.00,0,0,54.93
20240301T,45.06,0.01,0,0,54.94
20240601T,45.06,0.00,0,0,54.94
