20211201T,52.23,0.00,0,0,47.77
20220301T,52.23,0.00,0,0,47.77
20220601T,52.23,0.00,0,0,47.77
20220901T,51.07,0.00,0,0,48.91
20221201T,51.47,0.01,0,0,48.51
20230301T,51.39,0.00,0,0,48.62
20230601T,45.97,0.00,0,0,54.04
20230901T,44.97,0.00,0,0,55.03
20231201T,39.83,0.00,0,0,60.18
20240301T,49.63,0.00,0,0,50.38
20240601T,51.02,0.00,0,0,48.99
20240701T,47.94,0.00,0,0,52.08
