20210901T,15.60,3.32,0,0,81.09
20211201T,15.60,0.08,0,0,84.33
20220301T,9.47,1.11,0,0,89.42
20220601T,9.29,1.08,0,0,89.63
20220901T,9.29,1.08,0,0,89.64
20221201T,9.29,1.08,0,0,89.63
20230301T,9.32,0.03,0,0,90.64
20230601T,7.85,15.18,0,0,76.98
20230901T,6.87,9.42,0,0,83.70
20231201T,6.87,0.01,0,0,93.12
20240301T,13.57,0.01,0,0,86.42
20240601T,10.66,0.00,0,0,89.34
