20211201T,74.06,4.53,7.54,0,13.87
20220301T,74.06,4.58,7.85,0,13.51
20220601T,74.06,4.66,8.11,0,13.17
20220901T,74.06,4.76,7.99,0,13.19
20221201T,74.06,4.81,7.88,0,13.25
20230301T,74.06,4.79,7.90,0,13.26
20230601T,74.06,4.47,8.11,0,13.36
20230901T,74.06,4.64,8.18,0,13.12
20231201T,74.06,4.71,7.55,0,13.69
20240301T,74.29,4.93,7.30,0,13.46
20240601T,74.29,5.33,6.74,0,13.64
20240901T,74.29,5.48,7.27,0,12.96
