20211201T,43.54,0.91,9.12,0,46.43
20220301T,43.54,0.95,9.22,0,46.29
20220601T,43.54,1.01,9.22,0,46.23
20220901T,43.55,1.08,9.70,0,45.68
20221201T,43.55,1.25,9.82,0,45.37
20230301T,43.55,1.23,10.01,0,45.21
20230601T,43.55,1.52,10.13,0,44.80
20230901T,43.55,1.56,9.92,0,44.98
20231201T,43.55,1.60,9.73,0,45.12
20240301T,43.55,1.58,9.73,0,45.15
20240601T,43.55,1.55,9.67,0,45.23
20240901T,43.54,1.42,8.34,0,46.71
