20211201T,53.26,0.47,0.00,0,46.27
20220301T,49.52,0.36,0.01,0,50.11
20220601T,49.53,0.27,0.00,0,50.20
20220901T,49.58,0.42,0.00,0,49.99
20221201T,49.58,1.02,0.00,0,49.39
20230301T,49.58,0.44,0.00,0,49.98
20230601T,49.58,0.47,0.00,0,49.95
20230901T,49.58,0.27,0.00,0,50.15
20231201T,49.58,0.03,0.00,0,50.38
20240301T,49.58,0.12,0.00,0,50.29
20240601T,49.58,0.03,0.00,0,50.38
20240701T,48.70,0.03,0.00,0,51.27
