20210901T,5.63,0.00,0.04,0,94.33
20211201T,5.63,0.00,0.03,0,94.34
20220301T,5.63,0.66,0.03,0,93.68
20220601T,5.63,0.07,0.03,0,94.27
20220901T,5.63,0.08,0.00,0,94.30
20221201T,5.63,0.08,0.00,0,94.28
20230301T,5.63,0.00,0.00,0,94.36
20230601T,5.63,0.00,0.00,0,94.37
20230901T,5.63,0.00,0.00,0,94.36
20231201T,5.63,0.00,0.00,0,94.37
20240301T,5.63,0.00,0.00,0,94.36
20240601T,5.63,0.00,0.00,0,94.38
