20211201T,45.65,3.21,0.08,0,51.06
20220301T,45.76,3.14,0.08,0,51.02
20220601T,45.76,3.06,0.08,0,51.10
20220901T,45.76,2.64,0.03,0,51.57
20221201T,45.76,2.12,0.03,0,52.09
20230301T,50.22,1.70,0.03,0,48.05
20230601T,50.85,0.37,0.03,0,48.76
20230901T,50.85,0.40,0.03,0,48.73
20231201T,50.85,0.52,0.03,0,48.61
20240301T,50.85,0.74,0.03,0,48.39
20240601T,50.85,1.06,0.03,0,48.05
20240901T,52.02,2.08,0.03,0,45.87
