20210901T,46.44,22.12,21.69,0,9.75
20211201T,46.40,21.14,22.03,0,10.43
20220301T,46.20,20.23,23.23,0,10.33
20220601T,46.14,18.19,25.56,0,10.10
20220901T,46.10,11.51,31.51,0,10.87
20221201T,45.78,11.18,32.67,0,10.36
20230301T,44.34,14.17,31.82,0,9.67
20230601T,44.34,14.82,30.97,0,9.86
20230901T,44.34,14.28,32.64,0,8.75
20231201T,44.34,14.32,34.00,0,7.35
20240301T,44.34,15.32,33.99,0,6.37
20240601T,44.34,15.46,32.62,0,7.59
