20210901T,30.30,22.31,31.61,0,15.53
20211201T,30.30,24.42,29.76,0,15.32
20220301T,30.30,26.19,27.83,0,15.47
20220601T,30.30,24.67,29.44,0,15.38
20220901T,30.30,24.37,29.43,0,15.69
20221201T,30.30,21.58,31.46,0,16.45
20230301T,30.30,20.58,33.14,0,15.78
20230601T,30.30,19.08,33.63,0,16.78
20230901T,30.30,17.84,35.82,0,15.84
20231201T,30.30,17.18,37.00,0,15.32
20240301T,30.30,14.71,40.36,0,14.41
20240601T,30.30,15.08,40.19,0,14.22
