20211201T,50.00,15.61,21.41,0,12.98
20220301T,50.00,15.83,21.81,0,12.34
20220601T,50.00,16.25,21.63,0,12.10
20220901T,50.00,17.14,21.86,0,11.00
20221201T,50.00,13.99,25.57,0,10.43
20230301T,50.00,13.66,25.85,0,10.48
20230601T,50.00,14.09,25.68,0,10.22
20230901T,38.00,22.34,28.45,0,11.18
20231201T,38.00,23.23,28.69,0,10.00
20240301T,38.00,24.84,26.88,0,10.19
20240601T,38.00,27.28,24.30,0,10.35
20240901T,38.00,28.50,22.60,0,10.82
