20211201T,69.59,3.49,16.66,0,10.26
20220301T,69.59,3.62,15.14,0,11.65
20220601T,69.59,5.37,13.58,0,11.46
20220901T,69.59,5.75,14.45,0,10.21
20221201T,64.17,4.15,20.77,0,10.90
20230301T,64.17,2.35,24.23,0,9.24
20230601T,64.24,2.18,25.10,0,8.48
20230901T,60.24,2.16,29.02,0,8.58
20231201T,60.24,2.51,28.13,0,9.11
20240301T,60.24,3.26,26.57,0,9.93
20240601T,60.24,3.83,25.64,0,10.28
20240901T,60.24,3.94,25.47,0,10.34
