20211201T,60.87,0.39,1.05,0,37.70
20220301T,60.78,0.38,1.27,0,37.56
20220601T,60.81,0.31,1.27,0,37.61
20220901T,60.81,0.33,1.24,0,37.61
20221201T,60.81,0.54,0.79,0,37.86
20230301T,60.71,1.14,1.03,0,37.13
20230601T,60.71,1.22,1.06,0,37.03
20230901T,60.71,0.96,2.42,0,35.91
20231201T,60.67,0.75,2.50,0,36.08
20240301T,60.55,0.49,2.63,0,36.33
20240601T,60.55,0.64,3.14,0,35.67
20240901T,60.53,0.60,3.85,0,35.02
