20211201T,32.16,1.81,16.28,0,49.55
20220301T,32.16,1.75,16.59,0,49.29
20220601T,32.16,1.84,16.62,0,49.01
20220901T,32.16,1.69,16.64,0,49.14
20221201T,32.16,1.86,16.62,0,49.00
20230301T,32.16,1.64,16.87,0,48.96
20230601T,32.16,1.55,17.24,0,48.69
20230901T,32.16,1.40,17.54,0,48.53
20231201T,32.16,1.39,17.52,0,48.57
20240301T,32.16,1.37,15.69,0,50.42
20240601T,32.16,1.83,12.64,0,53.00
20240901T,32.16,1.82,9.07,0,56.77
