20210901T,54.77,5.15,14.97,0,25.11
20211201T,54.82,5.67,15.20,0,24.30
20220301T,54.82,5.54,15.85,0,23.79
20220601T,54.82,5.43,16.40,0,23.35
20220901T,55.58,3.98,16.39,0,24.03
20221201T,55.58,1.26,19.73,0,23.42
20230301T,55.58,1.26,19.79,0,23.37
20230601T,55.58,1.76,18.97,0,23.69
20230901T,55.58,2.07,17.24,0,25.12
20231201T,55.58,2.02,16.61,0,25.79
20240301T,55.64,1.88,16.87,0,25.62
20240601T,55.64,2.79,17.97,0,23.60
