20211201T,63.15,6.30,18.84,0,11.71
20220301T,62.93,8.26,16.52,0,11.95
20220601T,62.91,7.51,16.56,0,13.01
20220901T,63.75,6.99,16.71,0,12.51
20221201T,63.85,7.07,16.85,0,12.21
20230301T,63.85,6.85,17.01,0,12.30
20230601T,64.07,6.65,16.95,0,12.32
20230901T,64.11,6.95,16.70,0,12.25
20231201T,64.13,6.37,16.84,0,12.65
20240301T,64.13,6.29,16.54,0,13.04
20240601T,64.19,6.12,16.65,0,13.02
20240901T,64.19,6.03,16.59,0,13.18
