20210901T,21.70,17.22,3.62,0,57.46
20211201T,21.70,18.04,3.62,0,56.64
20220301T,21.70,16.17,3.62,0,58.51
20220601T,21.70,15.35,3.27,0,59.68
20220901T,19.12,14.42,3.25,0,63.20
20221201T,19.12,15.94,3.45,0,61.46
20230301T,19.12,16.57,3.25,0,61.07
20230601T,19.12,16.67,3.54,0,60.65
20230901T,19.12,15.64,3.52,0,61.70
20231201T,19.12,13.11,5.85,0,61.91
20240301T,19.12,12.45,5.63,0,62.78
20240601T,19.12,11.52,4.99,0,64.35
