20210901T,40.01,0.00,0.23,0,59.73
20211201T,30.02,0.10,0.23,0,69.62
20220301T,30.02,0.42,0.23,0,69.30
20220601T,30.02,0.35,0.22,0,69.38
20220901T,30.02,0.14,0.22,0,69.59
20221201T,34.94,0.22,0.18,0,64.62
20230301T,34.87,0.22,0.18,0,64.69
20230601T,34.87,0.19,0.18,0,64.73
20230901T,34.87,0.03,0.18,0,64.88
20231201T,34.84,0.33,0.18,0,64.63
20240301T,31.55,0.28,0.23,0,67.91
20240601T,31.55,0.35,0.15,0,67.92
