20210901T,39.90,0.00,0.01,0,60.09
20211201T,39.89,0.00,0.00,0,60.11
20220301T,39.89,0.00,0.00,0,60.11
20220601T,39.85,0.00,0.00,0,60.15
20220901T,39.85,0.00,0.00,0,60.16
20221201T,39.84,0.00,0.00,0,60.16
20230301T,39.84,0.00,0.00,0,60.16
20230601T,39.84,0.00,0.00,0,60.16
20230901T,39.80,0.00,0.00,0,60.19
20231201T,39.79,0.00,0.00,0,60.20
20240301T,39.79,0.18,0.00,0,60.02
20240601T,39.79,0.22,0.00,0,59.97
