20210901T,25.37,7.70,0.02,0,66.91
20211201T,25.37,3.75,0.02,0,70.86
20220301T,25.37,2.98,0.02,0,71.63
20220601T,25.37,2.70,0.02,0,71.90
20220901T,25.37,2.78,0.02,0,71.83
20221201T,26.76,3.84,0.02,0,69.38
20230301T,26.76,4.08,0.02,0,69.13
20230601T,26.76,4.14,0.02,0,69.09
20230901T,26.76,0.83,0.02,0,72.40
20231201T,27.71,0.77,0.25,0,71.26
20240301T,27.71,0.47,0.00,0,71.82
20240601T,27.71,0.01,0.00,0,72.28
