20211201T,57.13,10.74,22.69,0,9.44
20220301T,56.98,9.94,22.83,0,10.00
20220601T,56.98,9.47,23.34,0,9.95
20220901T,56.32,9.80,24.14,0,9.50
20221201T,56.23,10.12,23.68,0,9.72
20230301T,56.23,9.61,24.15,0,9.72
20230601T,56.23,9.70,24.14,0,9.64
20230901T,56.22,10.44,23.66,0,9.37
20231201T,56.23,10.48,23.99,0,9.00
20240301T,56.28,11.60,23.01,0,8.79
20240601T,56.25,13.83,20.99,0,8.58
20240901T,56.25,13.71,21.31,0,8.38
