20210901T,57.53,0.00,20.10,0,22.38
20211201T,57.53,0.00,20.16,0,22.32
20220301T,57.53,0.27,19.93,0,22.27
20220601T,57.53,0.33,19.95,0,22.19
20220901T,57.53,0.40,19.98,0,22.09
20221201T,58.10,0.40,20.02,0,21.48
20230301T,58.73,0.42,20.02,0,20.83
20230601T,58.73,0.21,20.02,0,21.04
20230901T,58.31,0.26,18.81,0,22.61
20231201T,58.31,0.19,18.32,0,23.18
20240301T,58.31,0.29,13.13,0,28.27
20240601T,58.31,0.81,12.16,0,28.72
