20210901T,59.95,6.24,10.75,0,23.06
20211201T,59.95,3.77,11.30,0,24.99
20220301T,59.95,3.40,9.83,0,26.82
20220601T,59.95,3.21,12.23,0,24.62
20220901T,59.95,2.19,11.14,0,26.71
20221201T,60.75,1.45,12.20,0,25.59
20230301T,62.37,1.32,11.61,0,24.68
20230601T,62.82,0.80,11.53,0,24.84
20230901T,62.82,0.80,11.52,0,24.85
20231201T,62.82,1.35,11.71,0,24.11
20240301T,62.82,1.18,11.82,0,24.19
20240601T,62.51,1.59,10.35,0,25.55
