20211201T,37.69,0.00,0.27,0,62.03
20220301T,37.69,0.00,0.27,0,62.03
20220601T,0.96,0.00,0.23,0,98.81
20220901T,63.11,0.00,0.23,0,36.66
20221201T,55.31,0.00,0.20,0,44.49
20230301T,55.14,0.00,0.17,0,44.68
20230601T,57.45,0.00,0.16,0,42.38
20230901T,57.68,0.00,0.15,0,42.16
20231201T,57.60,0.00,0.15,0,42.24
20240301T,58.53,0.01,0.14,0,41.31
20240601T,62.89,0.00,0.12,0,37.00
20240901T,60.38,1.06,0.11,0,38.45
