20210901T,75.00,0.04,0.37,0,24.59
20211201T,75.00,0.15,0.37,0,24.48
20220301T,75.00,0.24,0.31,0,24.45
20220601T,75.00,0.24,0.31,0,24.45
20220901T,75.00,0.06,0.31,0,24.63
20221201T,75.00,0.11,0.31,0,24.57
20230301T,75.00,0.05,0.31,0,24.63
20230601T,75.00,0.04,0.29,0,24.68
20230901T,75.00,0.11,0.29,0,24.60
20231201T,75.00,0.11,0.29,0,24.58
20240301T,75.00,0.23,0.29,0,24.47
20240601T,75.00,0.09,0.29,0,24.61
