20210901T,50.02,0.10,0.07,0,49.78
20211201T,50.02,0.67,0.07,0,49.20
20220301T,50.02,0.62,0.07,0,49.25
20220601T,50.02,0.50,0.09,0,49.35
20220901T,50.02,0.41,0.09,0,49.43
20221201T,50.02,0.18,0.09,0,49.67
20230301T,51.37,0.04,0.70,0,47.84
20230601T,51.37,0.08,0.77,0,47.73
20230901T,45.26,11.99,0.67,0,42.05
20231201T,45.26,12.04,0.52,0,42.13
20240301T,42.46,14.97,3.09,0,39.45
20240601T,42.46,15.04,3.10,0,39.34
