20211201T,62.78,0.00,0.01,0,37.21
20220301T,62.78,0.00,0.01,0,37.21
20220601T,62.78,0.00,0.01,0,37.21
20220901T,62.78,0.01,0.00,0,37.18
20221201T,62.78,0.01,0.00,0,37.19
20230301T,62.78,0.01,0.00,0,37.20
20230601T,62.83,0.00,0.00,0,37.16
20230901T,62.83,0.00,0.00,0,37.15
20231201T,62.83,0.00,0.00,0,37.17
20240301T,62.94,0.00,0.00,0,37.04
20240601T,63.08,0.00,0.00,0,36.91
20240901T,63.08,0.00,0.00,0,36.91
