20210901T,74.09,0.16,0,0,25.76
20211201T,70.84,0.24,0,0,28.92
20220301T,71.54,0.09,0,0,28.37
20220601T,71.54,0.08,0,0,28.38
20220901T,71.54,0.09,0,0,28.37
20221201T,71.54,0.09,0,0,28.37
20230301T,71.54,0.12,0,0,28.34
20230601T,71.54,0.13,0,0,28.33
20230901T,71.54,0.13,0,0,28.34
20231201T,72.33,0.13,0,0,27.54
20240301T,71.91,1.05,0,0,27.04
20240601T,71.92,0.97,0,0,27.10
