20210901T,8.52,7.64,0.80,0,83.04
20211201T,8.52,7.74,0.94,0,82.79
20220301T,8.52,7.99,0.30,0,83.19
20220601T,4.34,8.52,0.00,0,87.15
20220901T,4.34,8.43,0.00,0,87.23
20221201T,4.34,8.54,0.00,0,87.12
20230301T,4.34,8.55,0.00,0,87.10
20230601T,4.34,8.26,0.00,0,87.40
20230901T,0.07,8.27,0.00,0,91.66
20231201T,0.07,8.48,0.00,0,91.46
20240301T,0.07,8.14,0.00,0,91.78
20240601T,0.42,8.15,0.00,0,91.43
