20210901T,75.00,0.67,16.24,0,8.09
20211201T,75.00,0.78,16.30,0,7.92
20220301T,75.00,0.71,16.45,0,7.84
20220601T,75.00,0.94,16.23,0,7.83
20220901T,75.00,1.23,15.80,0,7.96
20221201T,75.00,1.27,16.12,0,7.62
20230301T,75.00,1.32,16.05,0,7.63
20230601T,75.00,1.27,16.13,0,7.58
20230901T,75.00,1.79,15.90,0,7.31
20231201T,75.00,2.01,15.78,0,7.21
20240301T,75.00,2.24,15.77,0,6.99
20240601T,67.49,3.74,21.20,0,7.59
