20210901T,69.98,0.00,0,0,30.02
20211201T,69.98,0.03,0,0,29.99
20220301T,69.98,0.00,0,0,30.02
20220601T,69.98,0.00,0,0,30.02
20220901T,69.97,0.00,0,0,30.02
20221201T,69.97,0.01,0,0,30.01
20230301T,71.40,0.00,0,0,28.58
20230601T,71.40,0.04,0,0,28.55
20230901T,71.40,0.00,0,0,28.59
20231201T,71.40,0.00,0,0,28.60
20240301T,71.40,0.01,0,0,28.59
20240601T,71.40,0.02,0,0,28.57
