20210901T,65.04,0.95,2.11,0,31.66
20211201T,65.04,1.05,1.77,0,31.86
20220301T,65.04,1.01,1.42,0,32.24
20220601T,65.28,0.84,1.43,0,32.17
20220901T,65.28,1.43,1.08,0,32.22
20221201T,65.28,1.10,1.00,0,32.62
20230301T,65.28,1.13,1.00,0,32.58
20230601T,65.28,1.09,1.00,0,32.62
20230901T,65.28,1.02,1.00,0,32.70
20231201T,65.28,1.58,1.00,0,32.13
20240301T,65.28,1.27,1.00,0,32.46
20240601T,65.28,1.08,0.09,0,33.55
