20210901T,64.82,2.94,25.49,0,6.75
20211201T,64.82,3.39,24.80,0,6.99
20220301T,64.82,2.56,25.11,0,7.51
20220601T,65.14,2.38,25.11,0,7.37
20220901T,65.36,3.24,23.78,0,7.62
20221201T,65.36,3.83,23.35,0,7.46
20230301T,66.45,3.87,22.18,0,7.51
20230601T,67.11,3.23,22.04,0,7.62
20230901T,68.54,3.42,20.22,0,7.81
20231201T,69.15,3.25,19.67,0,7.91
20240301T,69.62,3.26,19.41,0,7.71
20240601T,69.62,3.29,19.44,0,7.65
